0 1 0.0343 0.0306 0.0113 0.0067 0.0051 0.0046 0.0041 0.0045 0.0048 0.0052 0.0060 0.0069 0.0072 0.0086 0.0065 0.0062 0.0050 0.0049 0.0038 0.0041 0.0045 0.0059 0.0097 0.0291 0.0317 0.7488 
0 1 0.0327 0.0292 0.0114 0.0083 0.0058 0.0060 0.0062 0.0066 0.0073 0.0081 0.0092 0.0110 0.0120 0.0144 0.0097 0.0102 0.0067 0.0065 0.0042 0.0044 0.0043 0.0059 0.0093 0.0240 0.0259 0.7208 
0 0 0.0290 0.0245 0.0140 0.0101 0.0094 0.0098 0.0099 0.0108 0.0127 0.0151 0.0175 0.0201 0.0216 0.0219 0.0187 0.0163 0.0125 0.0105 0.0085 0.0081 0.0075 0.0090 0.0121 0.0216 0.0263 0.6223 
0 0 0.0318 0.0252 0.0153 0.0109 0.0096 0.0093 0.0097 0.0101 0.0116 0.0131 0.0145 0.0162 0.0169 0.0172 0.0149 0.0136 0.0113 0.0109 0.0090 0.0090 0.0088 0.0096 0.0128 0.0220 0.0291 0.6377 
0 0 0.0249 0.0207 0.0135 0.0108 0.0099 0.0104 0.0108 0.0123 0.0149 0.0185 0.0225 0.0281 0.0320 0.0311 0.0239 0.0188 0.0136 0.0112 0.0083 0.0083 0.0074 0.0088 0.0115 0.0194 0.0222 0.5861 
0 1 0.0314 0.0265 0.0135 0.0083 0.0064 0.0069 0.0061 0.0074 0.0084 0.0111 0.0139 0.0164 0.0192 0.0167 0.0129 0.0103 0.0066 0.0079 0.0048 0.0049 0.0055 0.0080 0.0103 0.0216 0.0241 0.6908 
0 1 0.0297 0.0255 0.0123 0.0079 0.0066 0.0066 0.0079 0.0085 0.0114 0.0134 0.0167 0.0184 0.0193 0.0193 0.0157 0.0135 0.0094 0.0095 0.0059 0.0061 0.0047 0.0069 0.0081 0.0198 0.0225 0.6747 
0 1 0.0322 0.0275 0.0109 0.0071 0.0058 0.0068 0.0060 0.0075 0.0082 0.0096 0.0123 0.0123 0.0136 0.0147 0.0102 0.0098 0.0068 0.0069 0.0049 0.0047 0.0040 0.0058 0.0091 0.0232 0.0252 0.7151 
0 0 0.0292 0.0278 0.0091 0.0053 0.0037 0.0036 0.0040 0.0052 0.0066 0.0087 0.0127 0.0155 0.0179 0.0175 0.0117 0.0093 0.0062 0.0058 0.0038 0.0039 0.0033 0.0043 0.0081 0.0238 0.0245 0.7287 
0 0 0.0326 0.0310 0.0103 0.0059 0.0041 0.0034 0.0040 0.0045 0.0057 0.0072 0.0097 0.0123 0.0125 0.0143 0.0094 0.0081 0.0054 0.0053 0.0035 0.0036 0.0039 0.0058 0.0087 0.0252 0.0268 0.7366 
0 0 0.0359 0.0332 0.0110 0.0051 0.0045 0.0033 0.0033 0.0034 0.0036 0.0053 0.0058 0.0069 0.0073 0.0087 0.0053 0.0052 0.0035 0.0043 0.0026 0.0031 0.0029 0.0047 0.0082 0.0291 0.0308 0.7630 
0 0 0.0274 0.0254 0.0109 0.0070 0.0053 0.0052 0.0054 0.0072 0.0090 0.0117 0.0170 0.0244 0.0280 0.0250 0.0146 0.0103 0.0068 0.0058 0.0036 0.0035 0.0028 0.0043 0.0070 0.0206 0.0237 0.6881 
0 0 0.0372 0.0344 0.0125 0.0065 0.0056 0.0050 0.0043 0.0062 0.0062 0.0066 0.0074 0.0074 0.0080 0.0105 0.0067 0.0082 0.0040 0.0064 0.0038 0.0044 0.0037 0.0051 0.0080 0.0245 0.0267 0.7409 
0 0 0.0267 0.0246 0.0103 0.0064 0.0050 0.0046 0.0054 0.0068 0.0097 0.0125 0.0172 0.0225 0.0236 0.0238 0.0156 0.0125 0.0072 0.0070 0.0040 0.0045 0.0031 0.0046 0.0071 0.0211 0.0223 0.6916 
0 1 0.0364 0.0333 0.0128 0.0076 0.0062 0.0059 0.0052 0.0045 0.0050 0.0051 0.0057 0.0055 0.0062 0.0086 0.0061 0.0078 0.0048 0.0061 0.0043 0.0052 0.0042 0.0065 0.0092 0.0265 0.0301 0.7411 
0 1 0.0267 0.0265 0.0113 0.0081 0.0071 0.0071 0.0075 0.0085 0.0110 0.0137 0.0172 0.0192 0.0210 0.0221 0.0148 0.0128 0.0083 0.0074 0.0047 0.0046 0.0041 0.0052 0.0080 0.0213 0.0224 0.6797 
0 0 0.0345 0.0282 0.0163 0.0106 0.0100 0.0084 0.0080 0.0102 0.0106 0.0118 0.0118 0.0128 0.0116 0.0140 0.0112 0.0110 0.0085 0.0083 0.0061 0.0062 0.0064 0.0087 0.0126 0.0227 0.0294 0.6698 
0 0 0.0335 0.0252 0.0180 0.0118 0.0098 0.0097 0.0099 0.0106 0.0132 0.0142 0.0184 0.0212 0.0240 0.0244 0.0157 0.0134 0.0093 0.0093 0.0082 0.0077 0.0083 0.0096 0.0130 0.0208 0.0257 0.6151 
0 0 0.0305 0.0314 0.0097 0.0047 0.0034 0.0033 0.0027 0.0027 0.0030 0.0042 0.0047 0.0051 0.0057 0.0065 0.0049 0.0048 0.0030 0.0040 0.0030 0.0037 0.0032 0.0045 0.0099 0.0256 0.0274 0.7885 
0 0 0.0325 0.0302 0.0108 0.0068 0.0053 0.0046 0.0045 0.0047 0.0049 0.0052 0.0059 0.0072 0.0073 0.0083 0.0061 0.0059 0.0044 0.0046 0.0033 0.0039 0.0038 0.0053 0.0086 0.0285 0.0298 0.7575 
0 1 0.0328 0.0234 0.0146 0.0109 0.0091 0.0091 0.0091 0.0105 0.0115 0.0131 0.0147 0.0163 0.0181 0.0195 0.0160 0.0145 0.0118 0.0113 0.0089 0.0087 0.0089 0.0096 0.0139 0.0225 0.0296 0.6315 
0 1 0.0333 0.0240 0.0141 0.0102 0.0094 0.0089 0.0090 0.0096 0.0111 0.0121 0.0138 0.0149 0.0162 0.0175 0.0150 0.0139 0.0118 0.0108 0.0085 0.0076 0.0068 0.0082 0.0116 0.0226 0.0266 0.6527 
0 1 0.0191 0.0191 0.0076 0.0055 0.0045 0.0055 0.0067 0.0091 0.0124 0.0175 0.0231 0.0279 0.0302 0.0305 0.0233 0.0183 0.0125 0.0101 0.0066 0.0052 0.0043 0.0047 0.0069 0.0183 0.0191 0.6517 
0 1 0.0195 0.0194 0.0076 0.0051 0.0043 0.0054 0.0066 0.0096 0.0135 0.0183 0.0249 0.0296 0.0321 0.0325 0.0241 0.0184 0.0120 0.0090 0.0055 0.0047 0.0041 0.0042 0.0067 0.0178 0.0188 0.6462 
0 0 0.0364 0.0337 0.0100 0.0051 0.0034 0.0034 0.0043 0.0049 0.0071 0.0094 0.0119 0.0136 0.0142 0.0151 0.0086 0.0086 0.0053 0.0054 0.0027 0.0032 0.0021 0.0040 0.0067 0.0252 0.0282 0.7273 
0 0 0.0413 0.0373 0.0130 0.0069 0.0043 0.0035 0.0037 0.0040 0.0042 0.0051 0.0058 0.0079 0.0079 0.0098 0.0049 0.0068 0.0025 0.0043 0.0027 0.0035 0.0030 0.0046 0.0084 0.0284 0.0345 0.7415 
0 0 0.0234 0.0215 0.0092 0.0071 0.0080 0.0089 0.0102 0.0124 0.0163 0.0215 0.0268 0.0309 0.0317 0.0319 0.0221 0.0185 0.0103 0.0078 0.0049 0.0043 0.0039 0.0036 0.0052 0.0164 0.0153 0.6281 
0 0 0.0260 0.0248 0.0096 0.0069 0.0056 0.0054 0.0057 0.0067 0.0081 0.0106 0.0141 0.0166 0.0177 0.0181 0.0134 0.0113 0.0087 0.0072 0.0055 0.0052 0.0046 0.0056 0.0083 0.0220 0.0243 0.7081 
0 0 0.0247 0.0238 0.0099 0.0058 0.0046 0.0048 0.0053 0.0071 0.0092 0.0124 0.0164 0.0194 0.0203 0.0194 0.0148 0.0118 0.0083 0.0079 0.0057 0.0054 0.0046 0.0058 0.0085 0.0214 0.0217 0.7010 
0 0 0.0132 0.0133 0.0067 0.0051 0.0055 0.0061 0.0080 0.0118 0.0181 0.0275 0.0430 0.0558 0.0610 0.0554 0.0360 0.0227 0.0139 0.0087 0.0043 0.0035 0.0022 0.0024 0.0036 0.0091 0.0794 0.4835 
0 0 0.0191 0.0187 0.0080 0.0059 0.0059 0.0061 0.0075 0.0095 0.0133 0.0186 0.0265 0.0325 0.0350 0.0344 0.0250 0.0182 0.0123 0.0097 0.0067 0.0059 0.0050 0.0052 0.0072 0.0187 0.0194 0.6257 
0 0 0.0315 0.0286 0.0109 0.0070 0.0057 0.0053 0.0053 0.0059 0.0067 0.0082 0.0097 0.0113 0.0117 0.0122 0.0096 0.0080 0.0062 0.0057 0.0048 0.0049 0.0049 0.0059 0.0097 0.0270 0.0291 0.7241 
0 1 0.0233 0.0190 0.0127 0.0099 0.0101 0.0102 0.0124 0.0153 0.0180 0.0244 0.0308 0.0370 0.0400 0.0382 0.0299 0.0246 0.0169 0.0144 0.0106 0.0097 0.0081 0.0090 0.0108 0.0171 0.0200 0.5276 
0 1 0.0229 0.0189 0.0116 0.0083 0.0087 0.0097 0.0122 0.0152 0.0172 0.0214 0.0259 0.0294 0.0329 0.0345 0.0296 0.0220 0.0175 0.0138 0.0092 0.0072 0.0064 0.0076 0.0090 0.0138 0.0163 0.5787 
0 1 0.0290 0.0282 0.0107 0.0063 0.0047 0.0045 0.0044 0.0054 0.0067 0.0075 0.0087 0.0099 0.0101 0.0115 0.0085 0.0077 0.0063 0.0057 0.0046 0.0045 0.0044 0.0054 0.0096 0.0251 0.0266 0.7439 
0 1 0.0238 0.0234 0.0078 0.0047 0.0039 0.0037 0.0043 0.0053 0.0066 0.0095 0.0138 0.0192 0.0218 0.0199 0.0140 0.0100 0.0065 0.0052 0.0039 0.0036 0.0031 0.0043 0.0073 0.0221 0.0965 0.6558 
0 1 0.0244 0.0240 0.0085 0.0053 0.0041 0.0043 0.0050 0.0063 0.0080 0.0111 0.0151 0.0198 0.0228 0.0208 0.0152 0.0112 0.0077 0.0061 0.0044 0.0039 0.0038 0.0048 0.0077 0.0235 0.0519 0.6803 
0 0 0.0390 0.0372 0.0116 0.0055 0.0036 0.0030 0.0030 0.0030 0.0029 0.0029 0.0032 0.0036 0.0040 0.0058 0.0036 0.0044 0.0028 0.0041 0.0023 0.0030 0.0025 0.0046 0.0095 0.0306 0.0337 0.7705 
0 0 0.0321 0.0282 0.0128 0.0084 0.0068 0.0062 0.0064 0.0064 0.0074 0.0083 0.0091 0.0095 0.0097 0.0109 0.0087 0.0085 0.0066 0.0067 0.0052 0.0054 0.0054 0.0071 0.0108 0.0257 0.0298 0.7180 
0 1 0.0372 0.0334 0.0122 0.0065 0.0045 0.0043 0.0044 0.0040 0.0043 0.0050 0.0060 0.0070 0.0071 0.0091 0.0060 0.0068 0.0043 0.0049 0.0030 0.0036 0.0031 0.0056 0.0087 0.0276 0.0324 0.7489 
0 1 0.0390 0.0360 0.0106 0.0055 0.0036 0.0033 0.0028 0.0026 0.0028 0.0031 0.0029 0.0028 0.0031 0.0053 0.0029 0.0045 0.0023 0.0040 0.0020 0.0032 0.0027 0.0045 0.0079 0.0308 0.0335 0.7783 
0 1 0.0289 0.0248 0.0137 0.0100 0.0092 0.0089 0.0094 0.0103 0.0120 0.0139 0.0161 0.0179 0.0187 0.0196 0.0161 0.0144 0.0112 0.0102 0.0080 0.0074 0.0074 0.0082 0.0118 0.0220 0.0254 0.6448 
0 1 0.0337 0.0289 0.0152 0.0104 0.0086 0.0074 0.0079 0.0082 0.0084 0.0106 0.0119 0.0146 0.0143 0.0158 0.0125 0.0110 0.0083 0.0083 0.0063 0.0067 0.0069 0.0084 0.0117 0.0228 0.0290 0.6722 
0 1 0.0324 0.0246 0.0139 0.0117 0.0109 0.0111 0.0119 0.0122 0.0147 0.0180 0.0210 0.0243 0.0262 0.0245 0.0182 0.0159 0.0113 0.0109 0.0083 0.0087 0.0076 0.0088 0.0110 0.0212 0.0275 0.5929 
0 0 0.0273 0.0269 0.0096 0.0058 0.0046 0.0056 0.0066 0.0080 0.0091 0.0099 0.0119 0.0139 0.0142 0.0156 0.0113 0.0100 0.0074 0.0078 0.0045 0.0044 0.0034 0.0057 0.0073 0.0208 0.0228 0.7253 
0 0 0.0293 0.0264 0.0097 0.0065 0.0055 0.0055 0.0060 0.0073 0.0090 0.0111 0.0139 0.0163 0.0182 0.0177 0.0129 0.0109 0.0083 0.0071 0.0052 0.0049 0.0047 0.0054 0.0078 0.0216 0.0242 0.7044 
0 0 0.0316 0.0288 0.0118 0.0080 0.0062 0.0059 0.0056 0.0063 0.0069 0.0080 0.0090 0.0108 0.0112 0.0123 0.0095 0.0091 0.0073 0.0069 0.0054 0.0055 0.0051 0.0066 0.0103 0.0262 0.0296 0.7159 
0 0 0.0294 0.0280 0.0126 0.0071 0.0054 0.0053 0.0050 0.0061 0.0073 0.0077 0.0089 0.0106 0.0111 0.0122 0.0097 0.0092 0.0061 0.0060 0.0039 0.0045 0.0046 0.0063 0.0100 0.0244 0.0267 0.7318 
0 0 0.0156 0.0154 0.0084 0.0074 0.0069 0.0081 0.0089 0.0121 0.0168 0.0227 0.0312 0.0389 0.0432 0.0426 0.0318 0.0230 0.0163 0.0123 0.0083 0.0062 0.0053 0.0054 0.0076 0.0144 0.0154 0.5759 
0 1 0.0281 0.0261 0.0095 0.0059 0.0050 0.0051 0.0053 0.0060 0.0070 0.0094 0.0116 0.0132 0.0139 0.0150 0.0116 0.0097 0.0067 0.0062 0.0042 0.0043 0.0040 0.0056 0.0090 0.0244 0.0261 0.7270 
0 1 0.0270 0.0269 0.0104 0.0065 0.0054 0.0051 0.0058 0.0066 0.0080 0.0100 0.0140 0.0152 0.0131 0.0148 0.0114 0.0107 0.0073 0.0072 0.0049 0.0050 0.0045 0.0063 0.0088 0.0240 0.0265 0.7146 
0 1 0.0239 0.0218 0.0131 0.0101 0.0090 0.0090 0.0094 0.0108 0.0132 0.0170 0.0219 0.0276 0.0286 0.0301 0.0228 0.0188 0.0131 0.0109 0.0085 0.0083 0.0077 0.0086 0.0107 0.0179 0.0202 0.6070 
0 1 0.0371 0.0312 0.0151 0.0093 0.0071 0.0077 0.0078 0.0093 0.0083 0.0095 0.0101 0.0104 0.0118 0.0121 0.0088 0.0083 0.0060 0.0070 0.0049 0.0052 0.0055 0.0067 0.0103 0.0263 0.0302 0.6942 
0 1 0.0364 0.0287 0.0158 0.0140 0.0115 0.0107 0.0094 0.0106 0.0102 0.0130 0.0147 0.0143 0.0167 0.0165 0.0128 0.0138 0.0101 0.0103 0.0071 0.0065 0.0061 0.0071 0.0111 0.0244 0.0289 0.6392 
0 0 0.0174 0.0172 0.0104 0.0080 0.0074 0.0088 0.0096 0.0119 0.0152 0.0200 0.0225 0.0261 0.0275 0.0294 0.0217 0.0189 0.0126 0.0116 0.0078 0.0065 0.0055 0.0057 0.0070 0.0129 0.0131 0.6453 
0 0 0.0267 0.0246 0.0124 0.0092 0.0077 0.0086 0.0089 0.0102 0.0122 0.0130 0.0165 0.0176 0.0197 0.0197 0.0166 0.0136 0.0109 0.0094 0.0068 0.0064 0.0060 0.0068 0.0100 0.0189 0.0213 0.6663 
0 1 0.0347 0.0290 0.0147 0.0091 0.0073 0.0060 0.0057 0.0059 0.0066 0.0074 0.0080 0.0091 0.0098 0.0108 0.0086 0.0085 0.0066 0.0069 0.0055 0.0061 0.0064 0.0083 0.0129 0.0271 0.0322 0.7068 
0 1 0.0321 0.0249 0.0157 0.0116 0.0098 0.0088 0.0088 0.0093 0.0106 0.0127 0.0154 0.0190 0.0202 0.0200 0.0160 0.0132 0.0102 0.0095 0.0080 0.0079 0.0082 0.0101 0.0134 0.0231 0.0294 0.6321 
0 1 0.0299 0.0285 0.0113 0.0070 0.0051 0.0053 0.0057 0.0062 0.0079 0.0084 0.0103 0.0123 0.0130 0.0138 0.0105 0.0099 0.0071 0.0064 0.0042 0.0043 0.0036 0.0054 0.0081 0.0244 0.0265 0.7248 
0 1 0.0340 0.0286 0.0146 0.0101 0.0074 0.0070 0.0071 0.0074 0.0087 0.0100 0.0118 0.0150 0.0166 0.0157 0.0118 0.0104 0.0077 0.0076 0.0058 0.0055 0.0054 0.0065 0.0107 0.0261 0.0299 0.6784 
0 0 0.0277 0.0264 0.0102 0.0065 0.0056 0.0053 0.0055 0.0068 0.0083 0.0112 0.0141 0.0171 0.0186 0.0186 0.0142 0.0113 0.0080 0.0066 0.0047 0.0044 0.0043 0.0057 0.0083 0.0238 0.0245 0.7022 
0 0 0.0254 0.0241 0.0091 0.0065 0.0054 0.0050 0.0059 0.0079 0.0105 0.0143 0.0171 0.0212 0.0229 0.0226 0.0170 0.0135 0.0091 0.0073 0.0049 0.0043 0.0038 0.0048 0.0073 0.0218 0.0231 0.6854 
0 1 0.0306 0.0279 0.0122 0.0077 0.0061 0.0059 0.0064 0.0068 0.0086 0.0102 0.0126 0.0169 0.0186 0.0190 0.0122 0.0113 0.0074 0.0067 0.0051 0.0048 0.0045 0.0051 0.0083 0.0225 0.0236 0.6989 
0 1 0.0289 0.0263 0.0123 0.0086 0.0082 0.0079 0.0080 0.0088 0.0108 0.0129 0.0144 0.0158 0.0168 0.0185 0.0130 0.0128 0.0080 0.0090 0.0054 0.0059 0.0049 0.0064 0.0094 0.0212 0.0226 0.6834 
0 0 0.0319 0.0278 0.0114 0.0073 0.0061 0.0058 0.0061 0.0070 0.0079 0.0093 0.0116 0.0144 0.0150 0.0166 0.0127 0.0098 0.0072 0.0069 0.0046 0.0051 0.0047 0.0065 0.0091 0.0245 0.0278 0.7027 
0 0 0.0343 0.0314 0.0115 0.0078 0.0063 0.0057 0.0053 0.0059 0.0065 0.0073 0.0084 0.0103 0.0106 0.0117 0.0091 0.0080 0.0060 0.0057 0.0041 0.0049 0.0046 0.0061 0.0100 0.0263 0.0302 0.7220 
0 1 0.0285 0.0276 0.0098 0.0060 0.0057 0.0050 0.0053 0.0060 0.0078 0.0096 0.0123 0.0147 0.0159 0.0162 0.0122 0.0110 0.0076 0.0071 0.0046 0.0047 0.0041 0.0059 0.0088 0.0231 0.0244 0.7161 
0 1 0.0293 0.0273 0.0105 0.0063 0.0050 0.0045 0.0043 0.0052 0.0067 0.0088 0.0114 0.0135 0.0145 0.0159 0.0118 0.0098 0.0066 0.0061 0.0045 0.0044 0.0043 0.0058 0.0091 0.0241 0.0259 0.7242 
0 1 0.0355 0.0329 0.0107 0.0052 0.0035 0.0030 0.0031 0.0032 0.0040 0.0046 0.0062 0.0074 0.0081 0.0087 0.0060 0.0059 0.0036 0.0043 0.0030 0.0039 0.0032 0.0049 0.0094 0.0298 0.0313 0.7585 
0 1 0.0336 0.0329 0.0146 0.0107 0.0072 0.0064 0.0068 0.0068 0.0087 0.0091 0.0115 0.0113 0.0130 0.0152 0.0108 0.0111 0.0079 0.0093 0.0047 0.0062 0.0040 0.0054 0.0070 0.0192 0.0179 0.7086 
0 1 0.0343 0.0292 0.0111 0.0060 0.0059 0.0052 0.0055 0.0064 0.0072 0.0090 0.0107 0.0108 0.0116 0.0117 0.0088 0.0085 0.0051 0.0054 0.0034 0.0041 0.0034 0.0052 0.0082 0.0246 0.0285 0.7302 
0 1 0.0336 0.0291 0.0114 0.0071 0.0048 0.0046 0.0048 0.0060 0.0082 0.0097 0.0113 0.0138 0.0150 0.0167 0.0120 0.0106 0.0065 0.0067 0.0037 0.0036 0.0032 0.0047 0.0077 0.0234 0.0256 0.7160 
0 0 0.0220 0.0218 0.0108 0.0081 0.0069 0.0071 0.0086 0.0099 0.0126 0.0157 0.0188 0.0217 0.0224 0.0235 0.0185 0.0163 0.0122 0.0107 0.0075 0.0068 0.0052 0.0061 0.0080 0.0171 0.0177 0.6639 
0 0 0.0240 0.0216 0.0102 0.0074 0.0076 0.0086 0.0102 0.0112 0.0129 0.0154 0.0185 0.0204 0.0219 0.0232 0.0174 0.0146 0.0114 0.0108 0.0078 0.0066 0.0057 0.0058 0.0086 0.0195 0.0189 0.6594 
0 1 0.0304 0.0279 0.0105 0.0060 0.0046 0.0046 0.0053 0.0062 0.0082 0.0104 0.0125 0.0146 0.0166 0.0176 0.0130 0.0115 0.0072 0.0068 0.0043 0.0039 0.0035 0.0049 0.0086 0.0234 0.0249 0.7126 
0 1 0.0335 0.0328 0.0106 0.0060 0.0039 0.0036 0.0036 0.0047 0.0049 0.0064 0.0069 0.0086 0.0089 0.0105 0.0066 0.0070 0.0046 0.0052 0.0034 0.0040 0.0038 0.0050 0.0087 0.0263 0.0278 0.7527 
0 0 0.0290 0.0242 0.0140 0.0093 0.0083 0.0082 0.0083 0.0099 0.0117 0.0157 0.0172 0.0201 0.0208 0.0211 0.0163 0.0139 0.0100 0.0092 0.0069 0.0065 0.0064 0.0085 0.0122 0.0222 0.0271 0.6431 
0 0 0.0263 0.0220 0.0146 0.0117 0.0098 0.0097 0.0102 0.0117 0.0144 0.0184 0.0232 0.0294 0.0311 0.0314 0.0224 0.0171 0.0117 0.0104 0.0086 0.0081 0.0075 0.0085 0.0124 0.0195 0.0242 0.5857 
0 0 0.0436 0.0395 0.0105 0.0044 0.0027 0.0021 0.0022 0.0022 0.0025 0.0030 0.0034 0.0033 0.0038 0.0064 0.0031 0.0038 0.0023 0.0026 0.0014 0.0021 0.0023 0.0034 0.0081 0.0317 0.0331 0.7765 
0 0 0.0295 0.0247 0.0083 0.0062 0.0044 0.0044 0.0057 0.0077 0.0059 0.0084 0.0073 0.0084 0.0114 0.0535 0.0056 0.0055 0.0038 0.0043 0.0023 0.0034 0.0033 0.0054 0.0071 0.0272 0.0293 0.7171 
0 0 0.0476 0.0417 0.0134 0.0069 0.0043 0.0033 0.0029 0.0024 0.0022 0.0027 0.0025 0.0032 0.0033 0.0060 0.0030 0.0048 0.0017 0.0049 0.0010 0.0033 0.0023 0.0045 0.0084 0.0292 0.0317 0.7627 
0 0 0.0406 0.0376 0.0108 0.0061 0.0045 0.0039 0.0037 0.0032 0.0041 0.0037 0.0043 0.0051 0.0051 0.0076 0.0043 0.0052 0.0034 0.0048 0.0019 0.0041 0.0032 0.0042 0.0094 0.0301 0.0302 0.7586 
0 0 0.0442 0.0405 0.0118 0.0056 0.0033 0.0028 0.0029 0.0025 0.0024 0.0028 0.0022 0.0035 0.0034 0.0064 0.0028 0.0053 0.0022 0.0050 0.0019 0.0036 0.0027 0.0052 0.0080 0.0284 0.0327 0.7677 
0 0 0.0381 0.0354 0.0123 0.0069 0.0049 0.0035 0.0041 0.0041 0.0039 0.0047 0.0059 0.0062 0.0067 0.0098 0.0063 0.0073 0.0043 0.0048 0.0027 0.0038 0.0034 0.0058 0.0086 0.0273 0.0305 0.7486 
0 0 0.0329 0.0318 0.0112 0.0055 0.0048 0.0049 0.0053 0.0058 0.0078 0.0087 0.0116 0.0130 0.0129 0.0157 0.0110 0.0096 0.0063 0.0071 0.0041 0.0035 0.0039 0.0046 0.0067 0.0235 0.0242 0.7234 
0 0 0.0415 0.0335 0.0107 0.0066 0.0047 0.0043 0.0032 0.0033 0.0039 0.0045 0.0048 0.0059 0.0062 0.0091 0.0058 0.0059 0.0032 0.0037 0.0021 0.0035 0.0030 0.0059 0.0076 0.0289 0.0323 0.7560 
0 0 0.0392 0.0376 0.0134 0.0074 0.0051 0.0046 0.0039 0.0046 0.0062 0.0073 0.0083 0.0100 0.0091 0.0132 0.0080 0.0080 0.0033 0.0060 0.0024 0.0036 0.0028 0.0045 0.0077 0.0260 0.0293 0.7284 
0 0 0.0382 0.0352 0.0129 0.0074 0.0061 0.0049 0.0054 0.0049 0.0054 0.0058 0.0064 0.0061 0.0068 0.0097 0.0058 0.0091 0.0044 0.0068 0.0035 0.0043 0.0024 0.0049 0.0073 0.0250 0.0286 0.7427 
0 0 0.0434 0.0387 0.0112 0.0065 0.0059 0.0043 0.0038 0.0043 0.0058 0.0078 0.0087 0.0073 0.0060 0.0103 0.0040 0.0072 0.0028 0.0045 0.0015 0.0038 0.0019 0.0050 0.0064 0.0281 0.0292 0.7417 
0 0 0.0337 0.0326 0.0117 0.0072 0.0065 0.0060 0.0071 0.0087 0.0088 0.0103 0.0134 0.0152 0.0156 0.0166 0.0100 0.0134 0.0051 0.0095 0.0037 0.0058 0.0042 0.0058 0.0061 0.0184 0.0192 0.7054 
0 0 0.0324 0.0318 0.0140 0.0095 0.0067 0.0070 0.0062 0.0085 0.0094 0.0109 0.0127 0.0135 0.0137 0.0134 0.0108 0.0111 0.0067 0.0083 0.0041 0.0060 0.0041 0.0063 0.0095 0.0212 0.0221 0.7003 
0 0 0.0431 0.0391 0.0117 0.0065 0.0039 0.0032 0.0028 0.0025 0.0034 0.0039 0.0049 0.0048 0.0053 0.0070 0.0046 0.0056 0.0028 0.0041 0.0026 0.0034 0.0033 0.0052 0.0090 0.0298 0.0351 0.7526 
0 0 0.0277 0.0262 0.0091 0.0056 0.0043 0.0042 0.0043 0.0058 0.0074 0.0096 0.0123 0.0152 0.0169 0.0173 0.0128 0.0104 0.0068 0.0058 0.0035 0.0032 0.0034 0.0043 0.0067 0.0220 0.0237 0.7315 
0 0 0.0373 0.0315 0.0145 0.0083 0.0066 0.0057 0.0054 0.0054 0.0055 0.0062 0.0064 0.0069 0.0069 0.0085 0.0063 0.0068 0.0046 0.0058 0.0042 0.0051 0.0059 0.0083 0.0119 0.0272 0.0340 0.7248 
0 0 0.0350 0.0295 0.0165 0.0120 0.0092 0.0085 0.0071 0.0075 0.0075 0.0082 0.0099 0.0107 0.0120 0.0127 0.0100 0.0095 0.0069 0.0079 0.0060 0.0061 0.0063 0.0080 0.0124 0.0252 0.0299 0.6856 
0 0 0.0273 0.0230 0.0130 0.0091 0.0088 0.0081 0.0091 0.0108 0.0134 0.0172 0.0221 0.0252 0.0253 0.0238 0.0186 0.0154 0.0103 0.0094 0.0067 0.0068 0.0061 0.0073 0.0098 0.0194 0.0231 0.6306 
0 1 0.0261 0.0215 0.0120 0.0086 0.0071 0.0070 0.0068 0.0080 0.0088 0.0106 0.0120 0.0145 0.0167 0.0255 0.0135 0.0147 0.0098 0.0142 0.0076 0.0097 0.0070 0.0108 0.0126 0.0251 0.0780 0.6120 
0 1 0.0300 0.0249 0.0145 0.0100 0.0083 0.0077 0.0076 0.0081 0.0093 0.0115 0.0141 0.0169 0.0177 0.0178 0.0149 0.0124 0.0101 0.0087 0.0077 0.0075 0.0079 0.0095 0.0136 0.0250 0.0299 0.6542 
0 1 0.0362 0.0272 0.0151 0.0102 0.0076 0.0072 0.0068 0.0076 0.0079 0.0090 0.0100 0.0101 0.0118 0.0138 0.0102 0.0103 0.0076 0.0078 0.0067 0.0076 0.0076 0.0084 0.0129 0.0232 0.0268 0.6903 
0 0 0.0321 0.0289 0.0127 0.0077 0.0057 0.0058 0.0067 0.0081 0.0101 0.0118 0.0136 0.0156 0.0158 0.0175 0.0130 0.0118 0.0093 0.0084 0.0061 0.0064 0.0053 0.0065 0.0096 0.0207 0.0244 0.6863 
0 0 0.0292 0.0271 0.0092 0.0057 0.0048 0.0054 0.0067 0.0067 0.0080 0.0093 0.0107 0.0115 0.0118 0.0125 0.0096 0.0092 0.0059 0.0063 0.0045 0.0038 0.0038 0.0050 0.0077 0.0234 0.0245 0.7377 
0 0 0.0264 0.0253 0.0102 0.0065 0.0051 0.0051 0.0063 0.0088 0.0123 0.0150 0.0187 0.0206 0.0226 0.0240 0.0150 0.0142 0.0080 0.0074 0.0042 0.0043 0.0035 0.0040 0.0058 0.0184 0.0186 0.6895 
0 0 0.0253 0.0247 0.0069 0.0038 0.0031 0.0030 0.0038 0.0052 0.0077 0.0110 0.0157 0.0197 0.0217 0.0212 0.0156 0.0114 0.0076 0.0057 0.0039 0.0034 0.0031 0.0041 0.0075 0.0250 0.0368 0.7030 
0 0 0.0229 0.0225 0.0075 0.0049 0.0041 0.0046 0.0052 0.0070 0.0094 0.0130 0.0177 0.0225 0.0251 0.0240 0.0183 0.0137 0.0097 0.0075 0.0054 0.0048 0.0041 0.0051 0.0082 0.0247 0.0436 0.6642 
0 0 0.0289 0.0273 0.0097 0.0060 0.0058 0.0059 0.0062 0.0072 0.0088 0.0104 0.0121 0.0148 0.0155 0.0169 0.0119 0.0113 0.0077 0.0078 0.0050 0.0058 0.0041 0.0057 0.0077 0.0218 0.0246 0.7111 
0 1 0.0308 0.0293 0.0103 0.0060 0.0046 0.0043 0.0043 0.0046 0.0052 0.0060 0.0077 0.0078 0.0078 0.0085 0.0069 0.0068 0.0052 0.0051 0.0041 0.0044 0.0042 0.0058 0.0096 0.0281 0.0302 0.7523 
0 1 0.0294 0.0292 0.0112 0.0070 0.0063 0.0058 0.0055 0.0059 0.0075 0.0092 0.0101 0.0116 0.0123 0.0134 0.0103 0.0092 0.0072 0.0067 0.0041 0.0050 0.0045 0.0059 0.0089 0.0248 0.0276 0.7213 
0 1 0.0298 0.0268 0.0119 0.0073 0.0067 0.0062 0.0068 0.0072 0.0090 0.0104 0.0128 0.0154 0.0161 0.0176 0.0137 0.0119 0.0084 0.0083 0.0060 0.0059 0.0056 0.0067 0.0090 0.0239 0.0268 0.6896 
0 1 0.0345 0.0304 0.0146 0.0092 0.0069 0.0062 0.0061 0.0063 0.0072 0.0081 0.0093 0.0111 0.0117 0.0133 0.0081 0.0093 0.0059 0.0069 0.0040 0.0049 0.0053 0.0075 0.0127 0.0242 0.0276 0.7087 
0 1 0.0274 0.0229 0.0144 0.0103 0.0086 0.0084 0.0094 0.0112 0.0127 0.0148 0.0190 0.0234 0.0244 0.0244 0.0194 0.0153 0.0112 0.0100 0.0078 0.0074 0.0066 0.0084 0.0121 0.0210 0.0252 0.6244 
0 0 0.0351 0.0320 0.0107 0.0055 0.0042 0.0035 0.0037 0.0040 0.0053 0.0063 0.0072 0.0079 0.0086 0.0089 0.0069 0.0075 0.0047 0.0051 0.0029 0.0034 0.0035 0.0047 0.0082 0.0268 0.0290 0.7541 
0 0 0.0278 0.0249 0.0122 0.0081 0.0059 0.0058 0.0059 0.0077 0.0083 0.0114 0.0128 0.0146 0.0164 0.0163 0.0128 0.0102 0.0064 0.0079 0.0054 0.0054 0.0038 0.0056 0.0071 0.0190 0.0176 0.7206 
0 1 0.0346 0.0341 0.0094 0.0042 0.0027 0.0025 0.0022 0.0021 0.0019 0.0026 0.0029 0.0033 0.0036 0.0049 0.0027 0.0031 0.0020 0.0026 0.0018 0.0022 0.0024 0.0039 0.0093 0.0319 0.0341 0.7932 
0 1 0.0340 0.0325 0.0086 0.0040 0.0028 0.0025 0.0023 0.0026 0.0030 0.0034 0.0042 0.0051 0.0050 0.0060 0.0043 0.0044 0.0029 0.0032 0.0022 0.0024 0.0024 0.0043 0.0079 0.0314 0.0328 0.7858 
0 1 0.0358 0.0331 0.0108 0.0057 0.0040 0.0033 0.0041 0.0038 0.0046 0.0060 0.0070 0.0080 0.0090 0.0120 0.0070 0.0060 0.0051 0.0051 0.0035 0.0041 0.0045 0.0064 0.0104 0.0276 0.0316 0.7417 
0 1 0.0311 0.0277 0.0119 0.0076 0.0063 0.0062 0.0069 0.0071 0.0083 0.0096 0.0109 0.0119 0.0127 0.0140 0.0115 0.0110 0.0081 0.0078 0.0053 0.0057 0.0048 0.0060 0.0083 0.0238 0.0254 0.7101 
0 1 0.0421 0.0377 0.0113 0.0063 0.0042 0.0032 0.0024 0.0021 0.0020 0.0024 0.0023 0.0027 0.0028 0.0044 0.0024 0.0034 0.0020 0.0031 0.0018 0.0025 0.0028 0.0046 0.0091 0.0335 0.0382 0.7708 
0 1 0.0182 0.0183 0.0075 0.0053 0.0051 0.0060 0.0080 0.0089 0.0127 0.0171 0.0242 0.0325 0.0363 0.0354 0.0261 0.0198 0.0121 0.0098 0.0062 0.0050 0.0036 0.0039 0.0056 0.0142 0.0143 0.6440 
0 1 0.0345 0.0317 0.0115 0.0065 0.0053 0.0046 0.0042 0.0044 0.0043 0.0057 0.0068 0.0072 0.0081 0.0107 0.0074 0.0089 0.0052 0.0061 0.0037 0.0036 0.0040 0.0048 0.0083 0.0255 0.0292 0.7477 
0 1 0.0372 0.0338 0.0114 0.0061 0.0046 0.0033 0.0032 0.0034 0.0037 0.0048 0.0056 0.0065 0.0068 0.0091 0.0054 0.0058 0.0033 0.0045 0.0029 0.0040 0.0039 0.0059 0.0095 0.0290 0.0319 0.7544 
0 0 0.0357 0.0309 0.0126 0.0067 0.0053 0.0050 0.0046 0.0054 0.0061 0.0075 0.0080 0.0099 0.0103 0.0114 0.0086 0.0077 0.0047 0.0050 0.0033 0.0039 0.0041 0.0059 0.0092 0.0270 0.0299 0.7314 
0 0 0.0342 0.0317 0.0111 0.0061 0.0045 0.0042 0.0046 0.0048 0.0055 0.0069 0.0077 0.0097 0.0097 0.0109 0.0067 0.0071 0.0044 0.0054 0.0029 0.0042 0.0038 0.0053 0.0092 0.0261 0.0298 0.7434 
0 0 0.0333 0.0255 0.0166 0.0116 0.0109 0.0094 0.0097 0.0102 0.0115 0.0135 0.0167 0.0209 0.0214 0.0242 0.0180 0.0155 0.0121 0.0110 0.0080 0.0074 0.0071 0.0103 0.0129 0.0202 0.0269 0.6154 
0 0 0.0342 0.0268 0.0159 0.0119 0.0094 0.0080 0.0084 0.0090 0.0092 0.0110 0.0121 0.0139 0.0145 0.0160 0.0117 0.0124 0.0087 0.0091 0.0067 0.0077 0.0077 0.0098 0.0123 0.0211 0.0264 0.6659 
0 0 0.0235 0.0239 0.0087 0.0064 0.0057 0.0052 0.0060 0.0078 0.0097 0.0118 0.0132 0.0185 0.0212 0.0219 0.0140 0.0121 0.0092 0.0072 0.0056 0.0050 0.0045 0.0053 0.0082 0.0225 0.0250 0.6976 
0 1 0.0258 0.0228 0.0107 0.0076 0.0072 0.0075 0.0084 0.0102 0.0120 0.0141 0.0159 0.0184 0.0188 0.0198 0.0160 0.0146 0.0114 0.0106 0.0082 0.0074 0.0067 0.0076 0.0102 0.0206 0.0228 0.6647 
0 1 0.0252 0.0225 0.0108 0.0081 0.0073 0.0073 0.0081 0.0095 0.0116 0.0143 0.0172 0.0200 0.0206 0.0211 0.0181 0.0155 0.0119 0.0100 0.0079 0.0074 0.0067 0.0072 0.0098 0.0204 0.0229 0.6585 
0 1 0.0242 0.0219 0.0104 0.0069 0.0067 0.0073 0.0074 0.0091 0.0125 0.0156 0.0193 0.0219 0.0240 0.0256 0.0200 0.0171 0.0120 0.0101 0.0075 0.0064 0.0049 0.0056 0.0076 0.0178 0.0175 0.6607 
0 1 0.0246 0.0235 0.0105 0.0074 0.0068 0.0071 0.0075 0.0089 0.0111 0.0134 0.0170 0.0208 0.0241 0.0248 0.0182 0.0152 0.0109 0.0101 0.0070 0.0059 0.0054 0.0058 0.0085 0.0212 0.0222 0.6623 
0 1 0.0318 0.0314 0.0111 0.0060 0.0042 0.0040 0.0041 0.0047 0.0058 0.0072 0.0088 0.0107 0.0111 0.0138 0.0097 0.0094 0.0062 0.0061 0.0037 0.0038 0.0039 0.0050 0.0086 0.0260 0.0267 0.7361 
0 1 0.0276 0.0267 0.0110 0.0072 0.0054 0.0056 0.0059 0.0068 0.0079 0.0095 0.0118 0.0140 0.0150 0.0170 0.0121 0.0105 0.0071 0.0069 0.0044 0.0046 0.0038 0.0058 0.0084 0.0240 0.0246 0.7163 
0 0 0.0286 0.0297 0.0090 0.0057 0.0042 0.0044 0.0045 0.0063 0.0073 0.0108 0.0133 0.0165 0.0185 0.0182 0.0144 0.0113 0.0069 0.0061 0.0039 0.0044 0.0041 0.0051 0.0074 0.0238 0.0276 0.7077 
0 0 0.0386 0.0335 0.0118 0.0069 0.0048 0.0044 0.0037 0.0037 0.0039 0.0041 0.0052 0.0061 0.0066 0.0080 0.0054 0.0065 0.0038 0.0047 0.0027 0.0037 0.0039 0.0052 0.0090 0.0266 0.0286 0.7583 
0 1 0.0216 0.0194 0.0117 0.0084 0.0078 0.0081 0.0091 0.0112 0.0130 0.0170 0.0217 0.0264 0.0294 0.0289 0.0234 0.0188 0.0140 0.0116 0.0089 0.0077 0.0070 0.0079 0.0102 0.0188 0.0214 0.6165 
0 1 0.0305 0.0294 0.0101 0.0059 0.0046 0.0041 0.0043 0.0053 0.0067 0.0090 0.0129 0.0137 0.0146 0.0145 0.0107 0.0089 0.0061 0.0056 0.0036 0.0037 0.0034 0.0043 0.0083 0.0273 0.0298 0.7228 
0 1 0.0243 0.0241 0.0090 0.0059 0.0047 0.0051 0.0057 0.0071 0.0098 0.0141 0.0206 0.0238 0.0256 0.0249 0.0180 0.0133 0.0089 0.0072 0.0047 0.0043 0.0038 0.0050 0.0082 0.0220 0.0243 0.6757 
0 0 0.0347 0.0344 0.0094 0.0039 0.0027 0.0024 0.0026 0.0027 0.0027 0.0037 0.0047 0.0058 0.0064 0.0073 0.0046 0.0052 0.0023 0.0033 0.0022 0.0030 0.0024 0.0041 0.0082 0.0283 0.0281 0.7850 
0 0 0.0259 0.0262 0.0112 0.0064 0.0056 0.0058 0.0058 0.0071 0.0082 0.0094 0.0104 0.0122 0.0141 0.0152 0.0104 0.0085 0.0065 0.0068 0.0054 0.0045 0.0036 0.0057 0.0084 0.0209 0.0224 0.7335 
0 0 0.0347 0.0323 0.0111 0.0063 0.0048 0.0041 0.0040 0.0042 0.0045 0.0048 0.0056 0.0058 0.0063 0.0072 0.0055 0.0055 0.0044 0.0047 0.0040 0.0043 0.0044 0.0063 0.0101 0.0298 0.0340 0.7515 
0 1 0.0392 0.0333 0.0137 0.0078 0.0069 0.0050 0.0041 0.0051 0.0055 0.0066 0.0086 0.0100 0.0073 0.0093 0.0066 0.0076 0.0054 0.0065 0.0042 0.0054 0.0040 0.0069 0.0100 0.0270 0.0316 0.7229 
0 1 0.0334 0.0287 0.0112 0.0082 0.0063 0.0058 0.0060 0.0068 0.0086 0.0122 0.0144 0.0161 0.0162 0.0172 0.0137 0.0138 0.0091 0.0099 0.0054 0.0060 0.0044 0.0054 0.0062 0.0210 0.0223 0.6918 
0 1 0.0297 0.0276 0.0111 0.0076 0.0074 0.0080 0.0081 0.0091 0.0110 0.0117 0.0135 0.0155 0.0161 0.0186 0.0129 0.0127 0.0081 0.0091 0.0058 0.0064 0.0058 0.0070 0.0095 0.0198 0.0222 0.6856 
0 1 0.0308 0.0242 0.0111 0.0087 0.0083 0.0085 0.0087 0.0092 0.0109 0.0154 0.0153 0.0174 0.0176 0.0198 0.0148 0.0142 0.0091 0.0092 0.0060 0.0061 0.0051 0.0063 0.0082 0.0190 0.0198 0.6763 
0 1 0.0343 0.0305 0.0148 0.0095 0.0075 0.0066 0.0066 0.0073 0.0084 0.0099 0.0136 0.0165 0.0137 0.0171 0.0106 0.0111 0.0081 0.0070 0.0058 0.0063 0.0064 0.0076 0.0099 0.0231 0.0273 0.6806 
0 1 0.0292 0.0253 0.0095 0.0065 0.0063 0.0073 0.0075 0.0093 0.0114 0.0157 0.0184 0.0228 0.0245 0.0253 0.0185 0.0153 0.0093 0.0089 0.0052 0.0057 0.0049 0.0060 0.0085 0.0191 0.0216 0.6581 
0 0 0.0325 0.0302 0.0097 0.0059 0.0048 0.0043 0.0039 0.0045 0.0050 0.0065 0.0078 0.0088 0.0089 0.0105 0.0072 0.0068 0.0048 0.0048 0.0035 0.0037 0.0033 0.0048 0.0082 0.0281 0.0281 0.7535 
0 0 0.0251 0.0235 0.0119 0.0081 0.0067 0.0064 0.0078 0.0108 0.0135 0.0182 0.0242 0.0315 0.0349 0.0337 0.0217 0.0176 0.0106 0.0085 0.0055 0.0056 0.0052 0.0062 0.0079 0.0177 0.0204 0.6167 
0 1 0.0267 0.0255 0.0094 0.0061 0.0047 0.0049 0.0052 0.0068 0.0092 0.0126 0.0170 0.0224 0.0224 0.0234 0.0165 0.0131 0.0087 0.0067 0.0047 0.0039 0.0033 0.0047 0.0072 0.0219 0.0287 0.6843 
0 1 0.0304 0.0295 0.0183 0.0113 0.0084 0.0074 0.0081 0.0084 0.0090 0.0105 0.0120 0.0128 0.0142 0.0163 0.0120 0.0133 0.0093 0.0103 0.0069 0.0069 0.0061 0.0079 0.0114 0.0210 0.0238 0.6745 
0 1 0.0412 0.0348 0.0166 0.0101 0.0075 0.0058 0.0047 0.0047 0.0053 0.0054 0.0067 0.0062 0.0065 0.0097 0.0059 0.0091 0.0056 0.0069 0.0048 0.0056 0.0048 0.0078 0.0114 0.0266 0.0320 0.7143 
0 0 0.0278 0.0269 0.0107 0.0091 0.0060 0.0056 0.0059 0.0070 0.0084 0.0102 0.0122 0.0172 0.0209 0.0194 0.0119 0.0116 0.0083 0.0082 0.0071 0.0070 0.0057 0.0067 0.0092 0.0231 0.0254 0.6886 
0 0 0.0326 0.0271 0.0148 0.0094 0.0076 0.0072 0.0067 0.0071 0.0091 0.0126 0.0146 0.0183 0.0205 0.0202 0.0152 0.0127 0.0086 0.0079 0.0052 0.0056 0.0043 0.0066 0.0099 0.0219 0.0229 0.6710 
0 0 0.0261 0.0249 0.0092 0.0071 0.0053 0.0050 0.0073 0.0092 0.0111 0.0144 0.0177 0.0214 0.0206 0.0225 0.0163 0.0127 0.0085 0.0073 0.0044 0.0046 0.0040 0.0049 0.0071 0.0205 0.0211 0.6871 
0 0 0.0289 0.0268 0.0095 0.0062 0.0049 0.0043 0.0044 0.0055 0.0069 0.0097 0.0127 0.0180 0.0207 0.0197 0.0119 0.0091 0.0062 0.0055 0.0034 0.0037 0.0032 0.0039 0.0068 0.0232 0.0237 0.7212 
0 0 0.0172 0.0170 0.0063 0.0044 0.0039 0.0045 0.0061 0.0088 0.0134 0.0212 0.0315 0.0416 0.0451 0.0416 0.0295 0.0208 0.0132 0.0087 0.0056 0.0044 0.0036 0.0040 0.0056 0.0154 0.0452 0.5814 
0 0 0.0325 0.0304 0.0109 0.0061 0.0046 0.0038 0.0041 0.0042 0.0053 0.0064 0.0074 0.0086 0.0090 0.0095 0.0071 0.0064 0.0051 0.0047 0.0038 0.0039 0.0038 0.0053 0.0090 0.0285 0.0312 0.7482 
0 0 0.0255 0.0218 0.0126 0.0094 0.0072 0.0075 0.0082 0.0096 0.0127 0.0164 0.0238 0.0319 0.0378 0.0343 0.0234 0.0174 0.0103 0.0092 0.0058 0.0061 0.0053 0.0056 0.0077 0.0176 0.0196 0.6132 
0 0 0.0258 0.0227 0.0112 0.0088 0.0073 0.0060 0.0080 0.0089 0.0112 0.0140 0.0177 0.0218 0.0237 0.0239 0.0174 0.0151 0.0105 0.0087 0.0070 0.0067 0.0056 0.0068 0.0098 0.0196 0.0211 0.6607 
0 1 0.0413 0.0387 0.0099 0.0042 0.0023 0.0016 0.0013 0.0012 0.0014 0.0015 0.0016 0.0019 0.0021 0.0030 0.0017 0.0021 0.0012 0.0020 0.0012 0.0019 0.0021 0.0038 0.0090 0.0364 0.0391 0.7875 
0 1 0.0270 0.0242 0.0103 0.0074 0.0062 0.0064 0.0070 0.0085 0.0102 0.0132 0.0158 0.0186 0.0192 0.0208 0.0166 0.0141 0.0109 0.0094 0.0070 0.0062 0.0056 0.0063 0.0090 0.0231 0.0272 0.6698 
0 0 0.0266 0.0272 0.0098 0.0067 0.0054 0.0052 0.0068 0.0083 0.0096 0.0110 0.0142 0.0171 0.0172 0.0185 0.0135 0.0114 0.0080 0.0071 0.0045 0.0048 0.0040 0.0053 0.0082 0.0220 0.0239 0.7035 
0 0 0.0336 0.0310 0.0112 0.0074 0.0056 0.0055 0.0050 0.0054 0.0057 0.0062 0.0077 0.0081 0.0086 0.0091 0.0071 0.0067 0.0051 0.0052 0.0042 0.0044 0.0045 0.0060 0.0100 0.0277 0.0308 0.7383 
0 0 0.0257 0.0247 0.0091 0.0053 0.0043 0.0049 0.0053 0.0069 0.0096 0.0125 0.0160 0.0187 0.0200 0.0208 0.0143 0.0115 0.0080 0.0068 0.0047 0.0046 0.0039 0.0052 0.0074 0.0217 0.0238 0.7040 
0 0 0.0319 0.0296 0.0107 0.0058 0.0047 0.0045 0.0047 0.0056 0.0071 0.0081 0.0106 0.0104 0.0115 0.0125 0.0096 0.0087 0.0066 0.0064 0.0043 0.0047 0.0040 0.0050 0.0086 0.0249 0.0270 0.7326 
0 0 0.0298 0.0243 0.0140 0.0096 0.0077 0.0075 0.0081 0.0087 0.0100 0.0110 0.0127 0.0135 0.0145 0.0146 0.0129 0.0119 0.0103 0.0099 0.0083 0.0080 0.0074 0.0087 0.0135 0.0242 0.0292 0.6697 
0 1 0.0340 0.0302 0.0125 0.0076 0.0060 0.0053 0.0055 0.0061 0.0066 0.0076 0.0081 0.0090 0.0094 0.0103 0.0075 0.0078 0.0056 0.0061 0.0043 0.0046 0.0044 0.0062 0.0105 0.0273 0.0304 0.7269 
0 1 0.0341 0.0295 0.0125 0.0076 0.0060 0.0055 0.0056 0.0062 0.0064 0.0075 0.0080 0.0085 0.0090 0.0106 0.0079 0.0077 0.0057 0.0060 0.0048 0.0049 0.0051 0.0064 0.0105 0.0251 0.0283 0.7306 
0 1 0.0329 0.0320 0.0101 0.0054 0.0038 0.0031 0.0031 0.0030 0.0035 0.0047 0.0061 0.0051 0.0051 0.0061 0.0051 0.0051 0.0038 0.0041 0.0030 0.0033 0.0037 0.0047 0.0084 0.0301 0.0316 0.7729 
0 0 0.0246 0.0255 0.0084 0.0054 0.0051 0.0052 0.0060 0.0069 0.0081 0.0105 0.0133 0.0160 0.0163 0.0164 0.0124 0.0101 0.0071 0.0062 0.0035 0.0039 0.0034 0.0042 0.0070 0.0212 0.0287 0.7244 
0 0 0.0258 0.0257 0.0105 0.0072 0.0063 0.0052 0.0063 0.0079 0.0106 0.0130 0.0174 0.0207 0.0233 0.0216 0.0160 0.0140 0.0106 0.0087 0.0061 0.0054 0.0046 0.0051 0.0072 0.0189 0.0207 0.6814 
0 1 0.0291 0.0277 0.0116 0.0069 0.0056 0.0056 0.0054 0.0071 0.0075 0.0088 0.0095 0.0104 0.0113 0.0131 0.0099 0.0095 0.0070 0.0066 0.0053 0.0052 0.0055 0.0064 0.0090 0.0249 0.0267 0.7243 
0 1 0.0324 0.0306 0.0123 0.0074 0.0060 0.0057 0.0061 0.0070 0.0079 0.0082 0.0096 0.0105 0.0116 0.0126 0.0098 0.0093 0.0064 0.0069 0.0052 0.0056 0.0050 0.0067 0.0094 0.0248 0.0260 0.7171 
0 1 0.0319 0.0296 0.0112 0.0075 0.0052 0.0045 0.0045 0.0050 0.0062 0.0080 0.0091 0.0113 0.0124 0.0137 0.0091 0.0097 0.0058 0.0061 0.0042 0.0045 0.0037 0.0059 0.0086 0.0251 0.0262 0.7310 
0 1 0.0358 0.0311 0.0124 0.0066 0.0049 0.0036 0.0035 0.0039 0.0049 0.0065 0.0080 0.0091 0.0093 0.0114 0.0076 0.0069 0.0047 0.0047 0.0027 0.0035 0.0033 0.0053 0.0098 0.0280 0.0297 0.7429 
0 0 0.0269 0.0251 0.0106 0.0070 0.0063 0.0064 0.0070 0.0083 0.0107 0.0124 0.0153 0.0183 0.0189 0.0208 0.0163 0.0140 0.0103 0.0087 0.0061 0.0060 0.0051 0.0062 0.0089 0.0208 0.0222 0.6815 
0 0 0.0318 0.0287 0.0111 0.0064 0.0054 0.0043 0.0044 0.0051 0.0066 0.0086 0.0105 0.0135 0.0156 0.0151 0.0107 0.0091 0.0062 0.0056 0.0040 0.0041 0.0036 0.0052 0.0093 0.0260 0.0265 0.7227 
0 0 0.0316 0.0301 0.0106 0.0065 0.0045 0.0042 0.0044 0.0046 0.0055 0.0056 0.0066 0.0069 0.0075 0.0089 0.0061 0.0062 0.0046 0.0049 0.0036 0.0039 0.0039 0.0057 0.0092 0.0263 0.0284 0.7596 
0 0 0.0310 0.0305 0.0108 0.0064 0.0053 0.0044 0.0039 0.0042 0.0046 0.0056 0.0072 0.0085 0.0095 0.0106 0.0075 0.0061 0.0047 0.0047 0.0037 0.0043 0.0043 0.0058 0.0098 0.0276 0.0296 0.7493 
0 1 0.0321 0.0294 0.0117 0.0058 0.0048 0.0045 0.0038 0.0049 0.0056 0.0066 0.0086 0.0095 0.0110 0.0124 0.0089 0.0081 0.0059 0.0061 0.0040 0.0045 0.0037 0.0052 0.0091 0.0250 0.0265 0.7424 
0 1 0.0324 0.0310 0.0098 0.0057 0.0040 0.0032 0.0038 0.0046 0.0052 0.0061 0.0071 0.0082 0.0099 0.0117 0.0075 0.0086 0.0049 0.0057 0.0033 0.0033 0.0028 0.0047 0.0080 0.0254 0.0264 0.7569 
0 1 0.0297 0.0291 0.0109 0.0066 0.0048 0.0040 0.0045 0.0051 0.0062 0.0074 0.0093 0.0107 0.0119 0.0123 0.0086 0.0097 0.0058 0.0065 0.0043 0.0041 0.0037 0.0052 0.0073 0.0229 0.0244 0.7450 
0 1 0.0368 0.0343 0.0127 0.0073 0.0056 0.0047 0.0042 0.0040 0.0044 0.0046 0.0053 0.0054 0.0063 0.0073 0.0052 0.0058 0.0036 0.0051 0.0029 0.0042 0.0040 0.0061 0.0097 0.0290 0.0328 0.7488 
0 1 0.0368 0.0308 0.0118 0.0077 0.0066 0.0056 0.0051 0.0049 0.0060 0.0070 0.0085 0.0096 0.0113 0.0121 0.0085 0.0086 0.0059 0.0059 0.0042 0.0049 0.0040 0.0058 0.0091 0.0272 0.0297 0.7221 
0 1 0.0288 0.0277 0.0101 0.0061 0.0047 0.0042 0.0046 0.0051 0.0078 0.0097 0.0139 0.0164 0.0182 0.0187 0.0127 0.0107 0.0069 0.0066 0.0041 0.0045 0.0035 0.0051 0.0070 0.0224 0.0239 0.7167 
0 1 0.0348 0.0319 0.0114 0.0071 0.0046 0.0044 0.0046 0.0056 0.0066 0.0081 0.0094 0.0114 0.0114 0.0122 0.0088 0.0084 0.0057 0.0057 0.0040 0.0042 0.0040 0.0062 0.0095 0.0278 0.0313 0.7209 
0 1 0.0234 0.0235 0.0078 0.0046 0.0041 0.0046 0.0057 0.0074 0.0102 0.0143 0.0193 0.0238 0.0257 0.0248 0.0190 0.0154 0.0103 0.0075 0.0053 0.0042 0.0039 0.0048 0.0073 0.0213 0.0222 0.6795 
0 1 0.0280 0.0265 0.0093 0.0058 0.0045 0.0043 0.0047 0.0060 0.0072 0.0093 0.0116 0.0140 0.0152 0.0163 0.0124 0.0106 0.0075 0.0065 0.0046 0.0046 0.0042 0.0054 0.0091 0.0266 0.0301 0.7159 
0 0 0.0320 0.0275 0.0147 0.0096 0.0073 0.0064 0.0062 0.0068 0.0073 0.0087 0.0098 0.0113 0.0116 0.0131 0.0097 0.0092 0.0068 0.0064 0.0053 0.0057 0.0060 0.0082 0.0132 0.0250 0.0296 0.7025 
0 0 0.0187 0.0164 0.0091 0.0064 0.0058 0.0060 0.0070 0.0087 0.0112 0.0166 0.0241 0.0343 0.0405 0.0369 0.0249 0.0170 0.0115 0.0088 0.0065 0.0057 0.0054 0.0061 0.0077 0.0149 0.1803 0.4697 
0 0 0.0383 0.0292 0.0174 0.0105 0.0087 0.0077 0.0074 0.0067 0.0066 0.0075 0.0080 0.0091 0.0099 0.0103 0.0076 0.0078 0.0060 0.0065 0.0050 0.0064 0.0066 0.0097 0.0156 0.0259 0.0334 0.6922 
0 1 0.0298 0.0267 0.0128 0.0085 0.0067 0.0067 0.0073 0.0082 0.0092 0.0110 0.0120 0.0133 0.0139 0.0154 0.0122 0.0122 0.0097 0.0091 0.0071 0.0067 0.0067 0.0082 0.0116 0.0232 0.0276 0.6842 
0 1 0.0281 0.0276 0.0081 0.0051 0.0038 0.0037 0.0046 0.0053 0.0069 0.0086 0.0111 0.0130 0.0136 0.0148 0.0108 0.0092 0.0063 0.0055 0.0038 0.0036 0.0035 0.0043 0.0062 0.0195 0.0919 0.6811 
0 1 0.0253 0.0235 0.0099 0.0067 0.0058 0.0062 0.0071 0.0087 0.0110 0.0140 0.0178 0.0216 0.0236 0.0247 0.0178 0.0143 0.0107 0.0090 0.0066 0.0062 0.0052 0.0063 0.0087 0.0219 0.0231 0.6642 
0 1 0.0330 0.0300 0.0108 0.0064 0.0051 0.0045 0.0047 0.0051 0.0061 0.0075 0.0088 0.0098 0.0110 0.0109 0.0081 0.0079 0.0053 0.0058 0.0039 0.0042 0.0038 0.0055 0.0090 0.0265 0.0274 0.7391 
0 0 0.0309 0.0264 0.0157 0.0100 0.0073 0.0085 0.0101 0.0118 0.0129 0.0151 0.0175 0.0198 0.0195 0.0196 0.0170 0.0138 0.0101 0.0093 0.0078 0.0088 0.0076 0.0103 0.0138 0.0224 0.0297 0.6243 
0 0 0.0347 0.0251 0.0155 0.0120 0.0102 0.0100 0.0096 0.0096 0.0109 0.0128 0.0145 0.0165 0.0168 0.0187 0.0132 0.0129 0.0101 0.0098 0.0077 0.0082 0.0074 0.0094 0.0126 0.0223 0.0304 0.6390 
0 0 0.0334 0.0305 0.0115 0.0073 0.0059 0.0051 0.0048 0.0054 0.0069 0.0087 0.0114 0.0136 0.0149 0.0140 0.0100 0.0085 0.0057 0.0054 0.0041 0.0038 0.0038 0.0054 0.0087 0.0260 0.0277 0.7176 
0 0 0.0275 0.0251 0.0108 0.0071 0.0062 0.0066 0.0078 0.0100 0.0122 0.0156 0.0199 0.0213 0.0210 0.0218 0.0168 0.0153 0.0106 0.0109 0.0073 0.0069 0.0051 0.0055 0.0076 0.0180 0.0179 0.6654 
0 0 0.0396 0.0374 0.0122 0.0053 0.0026 0.0025 0.0022 0.0025 0.0028 0.0030 0.0037 0.0040 0.0044 0.0067 0.0035 0.0048 0.0022 0.0036 0.0018 0.0026 0.0021 0.0041 0.0081 0.0307 0.0339 0.7738 
0 0 0.0340 0.0326 0.0116 0.0071 0.0047 0.0041 0.0035 0.0039 0.0047 0.0068 0.0084 0.0104 0.0119 0.0131 0.0087 0.0079 0.0053 0.0051 0.0031 0.0037 0.0036 0.0056 0.0093 0.0282 0.0296 0.7332 
0 0 0.0259 0.0263 0.0095 0.0061 0.0058 0.0054 0.0058 0.0075 0.0094 0.0121 0.0148 0.0172 0.0180 0.0183 0.0150 0.0132 0.0080 0.0065 0.0038 0.0046 0.0039 0.0051 0.0077 0.0185 0.0193 0.7122 
0 0 0.0323 0.0305 0.0115 0.0067 0.0052 0.0049 0.0047 0.0056 0.0058 0.0078 0.0103 0.0121 0.0125 0.0145 0.0099 0.0085 0.0063 0.0060 0.0044 0.0043 0.0043 0.0062 0.0090 0.0258 0.0280 0.7228 
0 0 0.0303 0.0294 0.0119 0.0072 0.0054 0.0053 0.0050 0.0056 0.0071 0.0092 0.0113 0.0139 0.0154 0.0140 0.0108 0.0086 0.0061 0.0057 0.0042 0.0042 0.0042 0.0053 0.0089 0.0257 0.0291 0.7163 
0 0 0.0333 0.0314 0.0124 0.0069 0.0047 0.0045 0.0046 0.0056 0.0052 0.0064 0.0074 0.0088 0.0092 0.0103 0.0073 0.0069 0.0050 0.0051 0.0041 0.0045 0.0040 0.0057 0.0094 0.0275 0.0301 0.7396 
0 0 0.0229 0.0192 0.0134 0.0099 0.0093 0.0088 0.0089 0.0107 0.0118 0.0148 0.0164 0.0247 0.0317 0.0479 0.0190 0.0233 0.0132 0.0241 0.0088 0.0145 0.0076 0.0143 0.0110 0.0208 0.0258 0.5671 
0 0 0.0430 0.0395 0.0121 0.0050 0.0032 0.0024 0.0018 0.0021 0.0023 0.0026 0.0031 0.0028 0.0031 0.0064 0.0026 0.0047 0.0018 0.0035 0.0017 0.0024 0.0018 0.0045 0.0087 0.0321 0.0356 0.7711 
0 0 0.0349 0.0314 0.0112 0.0065 0.0041 0.0035 0.0036 0.0035 0.0047 0.0052 0.0063 0.0073 0.0083 0.0099 0.0065 0.0066 0.0042 0.0049 0.0030 0.0040 0.0035 0.0057 0.0091 0.0276 0.0288 0.7558 
0 0 0.0375 0.0332 0.0132 0.0073 0.0055 0.0050 0.0040 0.0044 0.0044 0.0062 0.0069 0.0087 0.0093 0.0103 0.0073 0.0066 0.0041 0.0045 0.0031 0.0042 0.0043 0.0066 0.0102 0.0283 0.0288 0.7361 
0 0 0.0315 0.0291 0.0117 0.0071 0.0054 0.0051 0.0046 0.0057 0.0069 0.0093 0.0133 0.0161 0.0174 0.0162 0.0109 0.0092 0.0054 0.0059 0.0037 0.0045 0.0043 0.0065 0.0099 0.0247 0.0263 0.7093 
0 1 0.0253 0.0217 0.0123 0.0092 0.0082 0.0084 0.0080 0.0105 0.0141 0.0164 0.0223 0.0270 0.0311 0.0316 0.0244 0.0202 0.0143 0.0115 0.0075 0.0064 0.0059 0.0069 0.0084 0.0173 0.0197 0.6113 
0 1 0.0244 0.0212 0.0119 0.0091 0.0089 0.0094 0.0116 0.0132 0.0154 0.0177 0.0210 0.0244 0.0249 0.0257 0.0195 0.0170 0.0125 0.0115 0.0086 0.0087 0.0066 0.0077 0.0096 0.0162 0.0181 0.6250 
0 1 0.0299 0.0283 0.0090 0.0052 0.0040 0.0040 0.0043 0.0050 0.0063 0.0079 0.0096 0.0110 0.0121 0.0124 0.0096 0.0081 0.0059 0.0052 0.0039 0.0039 0.0037 0.0051 0.0092 0.0284 0.0310 0.7368 
0 1 0.0294 0.0279 0.0094 0.0053 0.0041 0.0038 0.0042 0.0050 0.0063 0.0077 0.0094 0.0109 0.0119 0.0127 0.0100 0.0084 0.0063 0.0057 0.0041 0.0039 0.0038 0.0053 0.0093 0.0291 0.0322 0.7339 
