P_00001 1 0.034307 0.030604 0.011335 0.006672 0.005118 0.004573 0.004095 0.004505 0.00478 0.005158 0.005996 0.006884 0.007172 0.008551 0.006542 0.006186 0.005023 0.00487 0.003762 0.00414 0.004478 0.005933 0.009749 0.029104 0.031676 0.748785
P_00001 1 0.032655 0.029203 0.011358 0.008321 0.005779 0.006047 0.006154 0.006649 0.007318 0.008067 0.00915 0.010996 0.012 0.014434 0.009672 0.010167 0.006675 0.006475 0.004241 0.004374 0.004281 0.005913 0.009324 0.024039 0.025859 0.72085
P_00004 0 0.029023 0.024473 0.013987 0.010131 0.009421 0.009766 0.009948 0.010765 0.012718 0.015098 0.017472 0.020145 0.021566 0.021901 0.018679 0.016325 0.012536 0.010466 0.008528 0.008137 0.007473 0.009015 0.01214 0.021606 0.026334 0.622348
P_00004 0 0.031794 0.025195 0.015261 0.010877 0.009595 0.009323 0.009734 0.010111 0.011593 0.013103 0.014507 0.016188 0.016937 0.017231 0.014873 0.013624 0.011255 0.010883 0.008957 0.00899 0.008785 0.009579 0.012842 0.021993 0.029085 0.637685
P_00004 0 0.024928 0.020686 0.013534 0.01078 0.009901 0.010402 0.010823 0.01231 0.014881 0.018476 0.022465 0.028113 0.031994 0.031121 0.023925 0.018751 0.01362 0.011232 0.008268 0.00829 0.007449 0.008753 0.011545 0.019425 0.022211 0.586116
P_00009 1 0.031429 0.026527 0.013499 0.008296 0.006448 0.0069 0.006127 0.007428 0.008409 0.011124 0.013895 0.016422 0.019155 0.016723 0.012877 0.010294 0.006637 0.007881 0.004789 0.004883 0.005468 0.008032 0.010294 0.021606 0.024057 0.690799
P_00009 1 0.029654 0.025478 0.012328 0.007917 0.006592 0.006609 0.0079 0.008487 0.011389 0.013351 0.016706 0.018383 0.019306 0.019306 0.015716 0.013502 0.009359 0.009477 0.005887 0.006055 0.00468 0.006877 0.008085 0.019792 0.022492 0.674673
P_00015 1 0.03219 0.027452 0.010922 0.007106 0.005839 0.006761 0.005992 0.00749 0.008169 0.009577 0.012266 0.01233 0.01356 0.014661 0.010166 0.00977 0.006837 0.006927 0.004866 0.004738 0.00402 0.005813 0.009078 0.023163 0.025173 0.715134
P_00018 0 0.029212 0.027835 0.009072 0.005263 0.003733 0.00361 0.003971 0.005196 0.006602 0.008654 0.012663 0.015466 0.017869 0.017451 0.011732 0.009262 0.006156 0.005795 0.003771 0.003923 0.003287 0.004303 0.008132 0.023807 0.024529 0.728701
P_00018 0 0.032618 0.030999 0.01031 0.005911 0.00414 0.003425 0.004011 0.004527 0.005653 0.007213 0.009688 0.012257 0.012479 0.014297 0.009407 0.00814 0.00543 0.00529 0.003495 0.003648 0.003894 0.005829 0.008726 0.025158 0.026836 0.736617
P_00021 0 0.035862 0.033211 0.010975 0.005099 0.004526 0.003284 0.003332 0.003392 0.003583 0.005326 0.005756 0.006891 0.007261 0.008706 0.005338 0.005207 0.003511 0.004275 0.002627 0.003081 0.002926 0.004657 0.008216 0.029079 0.030834 0.763047
P_00021 0 0.027352 0.025356 0.010873 0.00698 0.005323 0.005167 0.005436 0.007178 0.009018 0.011708 0.017017 0.024351 0.027961 0.02503 0.014624 0.010321 0.006838 0.005833 0.003553 0.003511 0.002817 0.004304 0.007022 0.020627 0.023728 0.688072
P_00021 0 0.037197 0.034355 0.01251 0.006464 0.005573 0.00496 0.004263 0.006241 0.006241 0.006604 0.007356 0.007356 0.008025 0.010504 0.006659 0.00822 0.003984 0.006353 0.003845 0.00443 0.003706 0.005099 0.007969 0.024519 0.026665 0.740903
P_00021 0 0.026717 0.024646 0.010319 0.006442 0.004956 0.004603 0.005407 0.006773 0.00968 0.01251 0.017213 0.022543 0.023633 0.023832 0.015616 0.012455 0.007235 0.006993 0.003987 0.004515 0.003095 0.004614 0.007136 0.021144 0.02229 0.691644
P_00023 1 0.036368 0.033257 0.012833 0.007562 0.006193 0.00592 0.005214 0.004479 0.005027 0.005099 0.005704 0.005516 0.006179 0.00857 0.006078 0.007806 0.004825 0.006092 0.004335 0.005243 0.00422 0.00651 0.009247 0.026473 0.030102 0.741149
P_00023 1 0.026735 0.026522 0.011251 0.008115 0.00711 0.007125 0.007475 0.00848 0.010992 0.013702 0.017189 0.019153 0.020965 0.022076 0.014768 0.012789 0.008267 0.007354 0.00472 0.004598 0.004065 0.005207 0.007978 0.021269 0.022426 0.679669
P_00026 0 0.034544 0.028216 0.016346 0.01064 0.010048 0.008403 0.008032 0.01024 0.010596 0.011826 0.011767 0.012848 0.011618 0.01396 0.011233 0.010981 0.008506 0.008314 0.006091 0.006209 0.006372 0.008684 0.012567 0.022718 0.029402 0.669838
P_00026 0 0.033464 0.025229 0.018017 0.011811 0.009767 0.009677 0.009917 0.010563 0.013163 0.014245 0.018392 0.021187 0.024027 0.024358 0.015748 0.013449 0.009316 0.009346 0.008189 0.007693 0.008264 0.009557 0.012998 0.020826 0.02574 0.615056
P_00027 0 0.030484 0.031373 0.009693 0.004713 0.003367 0.003325 0.00266 0.002735 0.002993 0.004173 0.004689 0.005112 0.005703 0.006509 0.004888 0.004822 0.003026 0.00399 0.002959 0.003691 0.003159 0.004514 0.009867 0.025621 0.027416 0.788518
P_00027 0 0.032541 0.030227 0.010849 0.006801 0.0053 0.004568 0.004492 0.004747 0.004915 0.005213 0.005928 0.00718 0.007321 0.008253 0.006058 0.005858 0.004362 0.004617 0.003349 0.003902 0.003793 0.005294 0.008638 0.028482 0.029804 0.757509
P_00034 1 0.032795 0.023449 0.014627 0.010932 0.009132 0.009089 0.009128 0.010495 0.01147 0.013095 0.014695 0.016257 0.018129 0.01955 0.01599 0.014506 0.011805 0.011291 0.008924 0.008744 0.00887 0.009627 0.013851 0.022499 0.029575 0.631476
P_00034 1 0.033315 0.023973 0.014083 0.01021 0.009377 0.008865 0.008998 0.009633 0.011054 0.012126 0.013763 0.014887 0.016209 0.017502 0.01498 0.013932 0.011794 0.010787 0.008451 0.007636 0.00682 0.008166 0.011608 0.022621 0.026559 0.652654
P_00039 1 0.019113 0.019077 0.007581 0.0055 0.004547 0.005504 0.006678 0.009105 0.012368 0.017549 0.023136 0.027942 0.030235 0.030492 0.023321 0.018313 0.012545 0.010094 0.006576 0.005236 0.004346 0.004716 0.006926 0.018345 0.019058 0.651697
P_00039 1 0.019496 0.019398 0.00759 0.005086 0.004339 0.005431 0.006568 0.009637 0.013476 0.01835 0.024861 0.029589 0.032123 0.032481 0.0241 0.018439 0.011999 0.009036 0.005515 0.004684 0.0041 0.004241 0.006656 0.017824 0.01877 0.64621
P_00041 0 0.036425 0.033712 0.01002 0.00514 0.003444 0.003366 0.004305 0.004932 0.007097 0.009446 0.011924 0.013646 0.014194 0.015055 0.008558 0.008637 0.005297 0.005375 0.002688 0.003183 0.002114 0.004018 0.006732 0.025153 0.028232 0.727306
P_00041 0 0.041314 0.037341 0.013012 0.006948 0.004345 0.003462 0.003695 0.004043 0.004229 0.005089 0.005786 0.007854 0.0079 0.009783 0.004949 0.006762 0.00251 0.004275 0.002695 0.003532 0.003044 0.004624 0.008435 0.028372 0.034483 0.741519
P_00044 0 0.0234 0.021466 0.009226 0.007068 0.007961 0.008854 0.010156 0.012426 0.016332 0.02154 0.026786 0.030915 0.031696 0.031882 0.022098 0.01849 0.010268 0.00785 0.004874 0.004278 0.003906 0.003646 0.005171 0.016406 0.015253 0.628051
P_00044 0 0.026026 0.024849 0.009598 0.006895 0.005576 0.005369 0.005672 0.006716 0.008095 0.010563 0.014066 0.016598 0.017706 0.01812 0.013427 0.011303 0.008738 0.007175 0.005456 0.005213 0.004569 0.00559 0.008279 0.021986 0.024335 0.708081
P_00044 0 0.024724 0.023801 0.009915 0.0058 0.004629 0.004837 0.005254 0.007123 0.009193 0.012434 0.016405 0.019421 0.020344 0.019397 0.014784 0.011808 0.008335 0.007878 0.005655 0.005367 0.004581 0.005752 0.008495 0.021354 0.021707 0.701006
P_00044 0 0.013162 0.013285 0.006681 0.005095 0.005511 0.006065 0.007989 0.011807 0.018149 0.027509 0.04301 0.055849 0.061037 0.055418 0.03596 0.022706 0.013947 0.008713 0.004341 0.003525 0.002217 0.002401 0.003571 0.009144 0.079432 0.483475
P_00044 0 0.019105 0.018672 0.008 0.005944 0.005854 0.006078 0.007475 0.009497 0.013271 0.018617 0.026483 0.032544 0.035047 0.034401 0.024952 0.018233 0.012282 0.009717 0.006733 0.005892 0.004962 0.005229 0.007221 0.018665 0.019431 0.625694
P_00044 0 0.031493 0.028581 0.010922 0.007005 0.005716 0.00528 0.00528 0.005903 0.006721 0.008245 0.009689 0.011257 0.011699 0.012202 0.009619 0.008034 0.006185 0.005655 0.004781 0.004928 0.004925 0.005933 0.009686 0.027027 0.029124 0.724109
P_00045 1 0.023343 0.018991 0.012701 0.009878 0.010071 0.01024 0.012379 0.015315 0.01797 0.024381 0.030824 0.036993 0.040002 0.038224 0.029866 0.024622 0.016892 0.014398 0.010618 0.009661 0.008148 0.009025 0.010803 0.017117 0.019973 0.527566
P_00045 1 0.02291 0.01887 0.011613 0.00827 0.008739 0.009739 0.012209 0.015248 0.017237 0.021353 0.025861 0.029395 0.032915 0.034536 0.029585 0.021998 0.01749 0.013779 0.009245 0.007219 0.006434 0.007599 0.009005 0.013792 0.016261 0.578698
P_00046 1 0.029018 0.028156 0.010722 0.006256 0.004733 0.00449 0.004424 0.005437 0.006663 0.007476 0.008744 0.009909 0.010097 0.011481 0.008526 0.00767 0.006311 0.005734 0.004648 0.004503 0.00443 0.005388 0.009588 0.025128 0.026554 0.743914
P_00051 1 0.023779 0.023377 0.007817 0.004726 0.003912 0.003671 0.004272 0.005329 0.006635 0.009461 0.013819 0.019174 0.021773 0.019939 0.013975 0.009986 0.006478 0.00519 0.003916 0.003579 0.003107 0.004331 0.007347 0.022102 0.096465 0.65584
P_00051 1 0.024449 0.023954 0.008531 0.005343 0.004086 0.004328 0.005022 0.006303 0.007951 0.011142 0.015065 0.019772 0.022761 0.020833 0.015244 0.011155 0.007727 0.006093 0.004395 0.003883 0.003784 0.004751 0.007685 0.0235 0.051892 0.680349
P_00054 0 0.039046 0.037162 0.011646 0.005524 0.003574 0.00299 0.002977 0.00299 0.002912 0.002899 0.003211 0.003587 0.004003 0.005797 0.0036 0.004393 0.002847 0.004068 0.00234 0.002977 0.002535 0.004601 0.009502 0.030637 0.033691 0.770492
P_00055 0 0.032074 0.028223 0.012777 0.008408 0.006762 0.006246 0.006391 0.006415 0.007404 0.008273 0.00905 0.009533 0.009692 0.01087 0.008688 0.008539 0.006618 0.006656 0.005199 0.005411 0.005387 0.0071 0.010817 0.025664 0.029849 0.717952
P_00057 1 0.037235 0.033364 0.012176 0.006532 0.004516 0.004324 0.004445 0.003981 0.004344 0.004959 0.006008 0.006985 0.007086 0.009062 0.005957 0.006844 0.004294 0.004879 0.003014 0.003639 0.003145 0.005635 0.008739 0.027578 0.032366 0.748894
P_00057 1 0.038987 0.035991 0.010561 0.00545 0.003584 0.003324 0.002827 0.002635 0.00277 0.003132 0.00294 0.00277 0.003121 0.00528 0.002883 0.004523 0.002318 0.003969 0.001956 0.003223 0.002657 0.004512 0.007938 0.030778 0.033537 0.778336
P_00058 1 0.028934 0.024786 0.013693 0.009952 0.009151 0.008897 0.009401 0.01026 0.011968 0.013852 0.016096 0.017868 0.018664 0.019603 0.016059 0.014409 0.011242 0.010218 0.00799 0.007443 0.007406 0.008154 0.011762 0.021974 0.025438 0.644783
P_00059 1 0.033699 0.028931 0.015163 0.010383 0.008588 0.007353 0.007879 0.00821 0.008428 0.0106 0.011938 0.014603 0.014282 0.015826 0.012453 0.011012 0.00829 0.00829 0.006335 0.006655 0.00693 0.008416 0.011732 0.022824 0.028954 0.672224
P_00059 1 0.03242 0.024583 0.01391 0.011701 0.010944 0.011139 0.01194 0.012221 0.014711 0.01798 0.020989 0.02429 0.026239 0.024496 0.018196 0.015923 0.011333 0.01089 0.008324 0.008714 0.00761 0.008779 0.011041 0.021249 0.027451 0.592929
P_00061 0 0.02732 0.026913 0.009615 0.005783 0.004613 0.00563 0.006614 0.007987 0.009073 0.009904 0.011939 0.013906 0.01416 0.015636 0.011328 0.010039 0.007377 0.007835 0.004511 0.004443 0.003426 0.005732 0.007258 0.020825 0.022792 0.725343
P_00061 0 0.029339 0.02643 0.009709 0.006494 0.005542 0.005521 0.005986 0.007319 0.009011 0.011126 0.01395 0.016256 0.018234 0.017673 0.012935 0.010894 0.008281 0.007118 0.005204 0.004876 0.004738 0.005362 0.007816 0.021639 0.024157 0.704389
P_00064 0 0.031592 0.028777 0.011846 0.00796 0.006235 0.005898 0.005627 0.006301 0.00686 0.00799 0.009021 0.010765 0.011241 0.012295 0.009493 0.009097 0.007345 0.006929 0.005445 0.005538 0.005125 0.006569 0.010319 0.026223 0.029613 0.715897
P_00065 0 0.029367 0.028009 0.012615 0.00714 0.00535 0.005298 0.004996 0.006143 0.007304 0.007697 0.00895 0.010608 0.011126 0.012241 0.009697 0.009166 0.00613 0.006006 0.003908 0.004498 0.00455 0.006294 0.009979 0.024416 0.026718 0.731793
P_00065 0 0.015615 0.015377 0.008422 0.007431 0.006903 0.008149 0.00892 0.012096 0.016849 0.022651 0.031154 0.038869 0.043164 0.042595 0.031809 0.02301 0.01627 0.012294 0.008277 0.00619 0.005292 0.005402 0.007604 0.014363 0.015406 0.575888
P_00068 1 0.028128 0.026129 0.009518 0.005932 0.005022 0.005088 0.005311 0.006031 0.007026 0.009395 0.011636 0.013157 0.013891 0.015047 0.011636 0.009693 0.006747 0.006206 0.004164 0.004288 0.003984 0.005553 0.008978 0.024385 0.026086 0.72697
P_00068 1 0.027049 0.026947 0.010386 0.006495 0.00538 0.005087 0.005781 0.006556 0.008012 0.010018 0.014018 0.01516 0.013086 0.014834 0.011406 0.010664 0.007298 0.007216 0.004863 0.00504 0.004468 0.006339 0.008794 0.023961 0.026505 0.714636
P_00074 1 0.023866 0.021781 0.013147 0.010073 0.008975 0.009004 0.009404 0.010756 0.01319 0.016962 0.021904 0.027551 0.028605 0.030116 0.022827 0.018837 0.013067 0.010908 0.008525 0.008314 0.007696 0.008648 0.010734 0.017936 0.020167 0.607006
P_00074 1 0.037106 0.031156 0.015071 0.009272 0.007076 0.007658 0.007845 0.009291 0.008258 0.009497 0.010135 0.010417 0.011806 0.012068 0.008803 0.008333 0.005987 0.006963 0.004861 0.005218 0.005499 0.0067 0.010323 0.026295 0.030199 0.694163
P_00074 1 0.036436 0.028659 0.01584 0.014023 0.011533 0.010737 0.00941 0.010635 0.010206 0.013043 0.014656 0.014329 0.016656 0.016473 0.012799 0.013819 0.010084 0.010288 0.007083 0.006471 0.006103 0.007103 0.011125 0.024352 0.028945 0.639192
P_00076 0 0.017401 0.01722 0.010422 0.007988 0.007375 0.008781 0.009611 0.011883 0.015201 0.019961 0.022467 0.026056 0.027534 0.02941 0.021728 0.018915 0.01264 0.01163 0.00779 0.006545 0.005482 0.005698 0.00696 0.012929 0.013091 0.645281
P_00076 0 0.026737 0.024558 0.012376 0.009238 0.007725 0.008636 0.008864 0.01023 0.012181 0.013027 0.016524 0.017564 0.019727 0.019744 0.016589 0.013629 0.010864 0.009368 0.006766 0.006359 0.006001 0.006766 0.010002 0.018947 0.021321 0.66626
P_00079 1 0.034702 0.028983 0.014684 0.009072 0.007296 0.006044 0.005711 0.00591 0.006574 0.007428 0.007998 0.009077 0.009802 0.010809 0.008629 0.008466 0.00664 0.006853 0.00553 0.0061 0.006357 0.008334 0.012888 0.027116 0.032176 0.706823
P_00079 1 0.032089 0.024915 0.015669 0.011643 0.009778 0.008759 0.008783 0.009282 0.010593 0.012674 0.015417 0.019037 0.020194 0.020013 0.01596 0.013237 0.010227 0.009542 0.008 0.007948 0.00822 0.010073 0.013402 0.02305 0.029374 0.632124
P_00080 1 0.029909 0.028485 0.011347 0.007015 0.005062 0.005309 0.005653 0.006155 0.007902 0.008404 0.010323 0.012324 0.012991 0.013795 0.010494 0.00991 0.00709 0.00643 0.004174 0.004333 0.003638 0.005399 0.008053 0.024448 0.026511 0.724847
P_00080 1 0.03405 0.028649 0.014648 0.010103 0.007449 0.007021 0.00713 0.007408 0.008663 0.010016 0.011838 0.015024 0.016597 0.015718 0.011815 0.010375 0.007668 0.007558 0.005824 0.005482 0.005419 0.006546 0.010652 0.026099 0.029887 0.67836
P_00081 0 0.027703 0.026447 0.010187 0.006516 0.005559 0.005344 0.005461 0.006776 0.008332 0.011202 0.014125 0.017119 0.018558 0.018642 0.014242 0.011326 0.007974 0.006626 0.004719 0.004355 0.004309 0.005702 0.008332 0.023765 0.024481 0.702196
P_00081 0 0.025399 0.024114 0.009086 0.006522 0.005355 0.005024 0.005942 0.007867 0.010489 0.014301 0.017114 0.021205 0.022865 0.022564 0.017004 0.013478 0.009086 0.007294 0.004862 0.004304 0.003768 0.004818 0.007257 0.021764 0.023078 0.685438
P_00086 1 0.03063 0.02793 0.012195 0.007695 0.00606 0.005925 0.00636 0.006825 0.008565 0.0102 0.012615 0.016935 0.018645 0.01902 0.012165 0.01128 0.00738 0.00669 0.005085 0.004815 0.004515 0.005145 0.008325 0.022545 0.023595 0.698857
P_00086 1 0.028918 0.026254 0.012309 0.00857 0.008161 0.007934 0.008024 0.008781 0.01078 0.012854 0.014383 0.015792 0.016806 0.018456 0.013021 0.012824 0.00804 0.008993 0.00539 0.00592 0.00486 0.006359 0.009372 0.021197 0.022635 0.683367
P_00090 0 0.031866 0.027839 0.01141 0.007329 0.006115 0.005777 0.006053 0.007046 0.007942 0.009321 0.011596 0.014423 0.015016 0.016609 0.012672 0.009804 0.007184 0.006915 0.00464 0.005143 0.004695 0.006501 0.009052 0.024482 0.027839 0.702729
P_00090 0 0.034278 0.031417 0.011538 0.007817 0.006274 0.005741 0.005311 0.005872 0.00648 0.007302 0.008359 0.010257 0.01065 0.011716 0.009079 0.008032 0.005993 0.005713 0.004105 0.004871 0.004628 0.006106 0.009977 0.026265 0.030201 0.72202
P_00092 1 0.028496 0.027578 0.009831 0.005996 0.005736 0.004974 0.005299 0.006022 0.00778 0.009622 0.012305 0.014714 0.015898 0.016204 0.012207 0.010951 0.007578 0.007057 0.004629 0.004694 0.004089 0.005853 0.008848 0.023066 0.024447 0.716126
P_00092 1 0.029312 0.027253 0.010468 0.006349 0.00502 0.004466 0.004346 0.005247 0.006714 0.00878 0.011381 0.01351 0.014537 0.015922 0.011835 0.009832 0.006607 0.006116 0.004529 0.004403 0.004314 0.00575 0.009051 0.024148 0.025899 0.724215
P_00092 1 0.035515 0.032853 0.010749 0.005199 0.003495 0.003043 0.003098 0.003199 0.004008 0.004631 0.006172 0.007394 0.00811 0.008733 0.005954 0.005892 0.00358 0.004281 0.003035 0.003938 0.003214 0.004942 0.009371 0.029849 0.031273 0.75847
P_00092 1 0.033565 0.032903 0.014565 0.010725 0.007216 0.006422 0.006753 0.006819 0.008739 0.00907 0.011453 0.011255 0.013042 0.015227 0.010791 0.011122 0.007878 0.009268 0.0047 0.006223 0.004038 0.005429 0.007018 0.019199 0.017941 0.70864
P_00092 1 0.034328 0.029157 0.011107 0.005952 0.005854 0.00522 0.005513 0.006407 0.007188 0.00896 0.010668 0.010814 0.011611 0.011659 0.008846 0.008521 0.005139 0.005415 0.003415 0.004082 0.003399 0.00522 0.008228 0.024587 0.028474 0.730238
P_00092 1 0.033604 0.029105 0.011425 0.007114 0.004792 0.004645 0.004833 0.006047 0.008202 0.009667 0.011257 0.013831 0.014961 0.016739 0.012031 0.01065 0.006486 0.006738 0.003704 0.003641 0.00316 0.004687 0.007721 0.023351 0.025632 0.715978
P_00094 0 0.021964 0.021755 0.010843 0.008122 0.006946 0.007076 0.008561 0.009946 0.012607 0.015746 0.018805 0.021656 0.022433 0.023489 0.018476 0.016284 0.012198 0.010683 0.007514 0.006827 0.005222 0.006149 0.008022 0.017141 0.017659 0.663876
P_00094 0 0.023959 0.021633 0.010213 0.007447 0.007557 0.008645 0.010233 0.011241 0.012918 0.015444 0.018479 0.020425 0.021923 0.023201 0.01745 0.014595 0.011371 0.010842 0.007827 0.006609 0.0057 0.00585 0.008555 0.019547 0.018908 0.659429
P_00095 1 0.030355 0.027891 0.010511 0.005957 0.004575 0.004554 0.005325 0.006204 0.00824 0.010436 0.012483 0.014637 0.01663 0.017605 0.013019 0.011454 0.007222 0.006761 0.004254 0.003943 0.003482 0.004918 0.00855 0.023412 0.024934 0.712648
P_00095 1 0.033487 0.032756 0.010632 0.006047 0.003925 0.003595 0.003571 0.004656 0.004892 0.006412 0.006919 0.008557 0.008899 0.010526 0.006648 0.007025 0.004632 0.00521 0.003371 0.003972 0.00376 0.005009 0.008663 0.026344 0.027805 0.752687
P_00096 0 0.028984 0.024217 0.013995 0.009344 0.008271 0.008166 0.008271 0.009946 0.01167 0.015701 0.017247 0.020137 0.020787 0.021131 0.01629 0.013921 0.009952 0.009216 0.006872 0.006461 0.006424 0.008467 0.012185 0.022186 0.027107 0.643055
P_00096 0 0.026313 0.021975 0.014572 0.011675 0.009837 0.009683 0.010153 0.011697 0.014366 0.018424 0.02324 0.029357 0.031143 0.031445 0.022394 0.017116 0.011712 0.010359 0.008595 0.008131 0.007543 0.00847 0.012373 0.019512 0.02421 0.585706
P_00106 0 0.043604 0.03945 0.010543 0.004383 0.002722 0.00212 0.002206 0.002235 0.002464 0.003037 0.003352 0.003323 0.00381 0.00636 0.003094 0.00381 0.002292 0.00255 0.001375 0.002063 0.002321 0.003409 0.00805 0.031743 0.033147 0.776536
P_00106 0 0.029519 0.024652 0.008288 0.006242 0.004373 0.004408 0.005749 0.007724 0.00589 0.008394 0.007336 0.008358 0.011356 0.053465 0.005643 0.005466 0.003774 0.004303 0.002328 0.003421 0.003315 0.005361 0.007089 0.027191 0.029307 0.717052
P_00106 0 0.047645 0.041683 0.013414 0.006906 0.004273 0.003279 0.002882 0.002434 0.002186 0.002733 0.002484 0.003229 0.003279 0.005962 0.002981 0.004819 0.001689 0.004919 0.000994 0.003329 0.002335 0.004471 0.008446 0.029213 0.031747 0.762669
P_00106 0 0.040578 0.037572 0.010824 0.006144 0.004497 0.003948 0.003713 0.003216 0.004131 0.003739 0.004288 0.005098 0.005098 0.007582 0.004288 0.005229 0.003425 0.004759 0.001909 0.004105 0.003164 0.004236 0.009439 0.030146 0.030225 0.758648
P_00106 0 0.044172 0.040497 0.011821 0.005596 0.003278 0.002781 0.002914 0.002483 0.002384 0.002781 0.002219 0.003477 0.003444 0.006358 0.002848 0.005298 0.002185 0.005033 0.001921 0.003609 0.002715 0.005232 0.008046 0.028411 0.032748 0.767748
P_00106 0 0.038057 0.03541 0.012327 0.00695 0.004861 0.003537 0.004095 0.004075 0.003888 0.004736 0.005915 0.006226 0.006722 0.009804 0.006329 0.007343 0.004261 0.00484 0.002689 0.003806 0.003351 0.005791 0.008625 0.027281 0.030487 0.748594
P_00106 0 0.032905 0.031825 0.011236 0.005464 0.004754 0.004939 0.005309 0.005803 0.007779 0.008674 0.011606 0.013026 0.012934 0.01565 0.01102 0.009631 0.006328 0.007131 0.004136 0.003488 0.003889 0.00463 0.006729 0.023491 0.024201 0.723423
P_00106 0 0.041458 0.033456 0.010702 0.006603 0.004737 0.004271 0.003191 0.003314 0.003927 0.004492 0.004836 0.005916 0.006186 0.009107 0.005768 0.005866 0.003216 0.003682 0.002135 0.00351 0.00297 0.005916 0.007585 0.028891 0.032278 0.755989
P_00106 0 0.039211 0.037602 0.013381 0.007368 0.005124 0.004616 0.003896 0.004616 0.006182 0.007326 0.008299 0.009993 0.009062 0.013211 0.008045 0.008003 0.003261 0.006013 0.002371 0.003599 0.002837 0.004531 0.007749 0.026042 0.02926 0.728404
P_00106 0 0.038228 0.03519 0.012875 0.00745 0.006076 0.004882 0.005389 0.004919 0.005353 0.00575 0.006401 0.006076 0.006799 0.009729 0.005787 0.009078 0.004376 0.006763 0.003508 0.00434 0.002387 0.004919 0.007306 0.025027 0.028644 0.742749
P_00106 0 0.043357 0.03867 0.011222 0.006535 0.005949 0.004282 0.003786 0.004282 0.005814 0.007797 0.008743 0.007301 0.006039 0.010276 0.003966 0.007211 0.002839 0.004507 0.001487 0.003786 0.001938 0.004958 0.006355 0.028078 0.02916 0.741662
P_00106 0 0.033666 0.032578 0.011713 0.007168 0.006528 0.005952 0.007104 0.008705 0.008833 0.010305 0.013441 0.015169 0.015553 0.016641 0.010049 0.013441 0.00512 0.009473 0.003712 0.005824 0.00416 0.00576 0.00608 0.018433 0.019201 0.705389
P_00106 0 0.032382 0.031772 0.014021 0.009539 0.00667 0.006957 0.006204 0.008499 0.009431 0.010902 0.012695 0.013483 0.013699 0.013376 0.010794 0.011117 0.00667 0.008284 0.004052 0.005953 0.004088 0.006311 0.009503 0.021229 0.02209 0.70028
P_00106 0 0.043066 0.03913 0.011683 0.006532 0.003853 0.003235 0.002802 0.002493 0.0034 0.003874 0.004884 0.004781 0.005275 0.007006 0.004574 0.005584 0.002802 0.004121 0.002576 0.003379 0.003256 0.005193 0.008984 0.029817 0.03505 0.752648
P_00107 0 0.027688 0.026238 0.009069 0.005553 0.00429 0.004221 0.00428 0.005788 0.007444 0.009588 0.012301 0.01521 0.016856 0.017326 0.01285 0.010382 0.006768 0.005847 0.003497 0.003164 0.003418 0.004329 0.00666 0.022047 0.023692 0.731494
P_00108 0 0.037271 0.031494 0.014535 0.008311 0.006607 0.005677 0.005431 0.005449 0.005468 0.006178 0.006361 0.006871 0.00688 0.008502 0.006306 0.006835 0.004648 0.005768 0.004247 0.005067 0.005932 0.008265 0.011874 0.027238 0.034 0.724785
P_00108 0 0.034978 0.029451 0.016485 0.011976 0.009241 0.008534 0.007137 0.007506 0.007535 0.008175 0.009901 0.010667 0.011976 0.012703 0.010046 0.009455 0.006866 0.007932 0.005954 0.006051 0.006284 0.00801 0.012442 0.025193 0.029877 0.685625
P_00109 0 0.027344 0.023008 0.012993 0.009115 0.008838 0.008076 0.009128 0.010818 0.013423 0.017176 0.022135 0.025238 0.025321 0.023825 0.018645 0.015417 0.01032 0.009378 0.006704 0.006774 0.006136 0.007328 0.009766 0.019407 0.023133 0.630555
P_00110 1 0.02613 0.021479 0.012037 0.008554 0.007054 0.007026 0.006777 0.008009 0.008787 0.010571 0.012012 0.014467 0.016748 0.025477 0.013539 0.014667 0.009816 0.014227 0.007557 0.00965 0.007007 0.010751 0.012571 0.025083 0.078 0.612006
P_00110 1 0.030049 0.024882 0.014517 0.01005 0.008336 0.00773 0.007615 0.008145 0.009337 0.011486 0.014124 0.016884 0.017737 0.017828 0.014922 0.012391 0.010094 0.008745 0.00765 0.007503 0.007868 0.009456 0.013621 0.024959 0.029919 0.654151
P_00110 1 0.036199 0.027199 0.015148 0.010192 0.007586 0.007177 0.006779 0.007633 0.007948 0.009012 0.010017 0.010076 0.01184 0.013804 0.010181 0.010333 0.007621 0.007831 0.006733 0.007551 0.007586 0.008369 0.012904 0.023167 0.026778 0.690336
P_00117 0 0.032054 0.028912 0.012713 0.007676 0.005739 0.00584 0.006686 0.008107 0.010101 0.011794 0.013616 0.01564 0.015826 0.017462 0.013014 0.011794 0.009298 0.008379 0.006127 0.006385 0.00528 0.006485 0.009613 0.020733 0.024435 0.68629
P_00119 0 0.029237 0.027137 0.009179 0.005658 0.004832 0.005403 0.006714 0.006702 0.007965 0.009264 0.010733 0.011523 0.01179 0.012494 0.00958 0.009228 0.005864 0.006326 0.004456 0.003849 0.003776 0.005015 0.007661 0.023385 0.024539 0.737688
P_00119 0 0.026434 0.02533 0.010229 0.006495 0.005098 0.005098 0.006267 0.008833 0.01234 0.01497 0.018705 0.020556 0.022634 0.023966 0.015035 0.014224 0.007989 0.007404 0.004189 0.004254 0.00354 0.004027 0.005813 0.018445 0.01864 0.689485
P_00120 0 0.025293 0.024678 0.006885 0.003803 0.003086 0.00302 0.003754 0.00524 0.00765 0.011014 0.015743 0.019689 0.021742 0.02123 0.015648 0.011413 0.007562 0.005681 0.003882 0.003424 0.003122 0.004138 0.007498 0.025042 0.036753 0.703009
P_00120 0 0.022936 0.022514 0.00751 0.004914 0.004147 0.004603 0.005242 0.007046 0.009398 0.012993 0.017704 0.022503 0.025104 0.024025 0.018348 0.013691 0.009729 0.007471 0.005392 0.004768 0.004097 0.005109 0.008245 0.024664 0.043613 0.664232
P_00122 0 0.028944 0.027334 0.009745 0.005994 0.005766 0.005867 0.006247 0.00716 0.00882 0.010391 0.012051 0.014801 0.015524 0.01688 0.011874 0.011304 0.007667 0.007819 0.005018 0.005753 0.004068 0.005741 0.007667 0.021834 0.024597 0.711134
P_00128 1 0.030807 0.029266 0.010302 0.005974 0.004555 0.004335 0.004291 0.004607 0.005242 0.006041 0.007716 0.00777 0.007833 0.008502 0.006923 0.006785 0.005221 0.005131 0.004144 0.004372 0.004178 0.005806 0.009613 0.028067 0.030222 0.752296
P_00133 1 0.029441 0.029232 0.011161 0.006977 0.006313 0.00582 0.005461 0.005932 0.007508 0.009166 0.01013 0.011617 0.012326 0.013432 0.010332 0.009159 0.007157 0.006686 0.004131 0.004968 0.00449 0.005909 0.00889 0.024824 0.027611 0.721328
P_00133 1 0.02982 0.026794 0.011877 0.007342 0.006744 0.006241 0.006795 0.007247 0.008975 0.010441 0.012752 0.015355 0.016113 0.017644 0.013736 0.011943 0.00837 0.008275 0.006 0.005906 0.00557 0.006678 0.009048 0.023929 0.026801 0.689604
P_00134 1 0.034459 0.030386 0.014603 0.009194 0.006887 0.00617 0.006137 0.00628 0.007208 0.008135 0.009327 0.011082 0.011711 0.013289 0.008113 0.00926 0.005927 0.006854 0.004007 0.004923 0.005309 0.007494 0.012715 0.024238 0.02755 0.708742
P_00134 1 0.027351 0.022855 0.01436 0.010339 0.008595 0.008387 0.00936 0.011211 0.01267 0.014835 0.019029 0.023365 0.024415 0.024403 0.019408 0.015304 0.011175 0.010007 0.007794 0.007444 0.00662 0.008358 0.012112 0.02095 0.025221 0.624434
P_00137 0 0.035122 0.031978 0.010691 0.005528 0.00416 0.003537 0.003726 0.004011 0.005325 0.00626 0.007222 0.007913 0.008645 0.008916 0.006897 0.00752 0.004675 0.005136 0.0029 0.003388 0.003509 0.004702 0.008225 0.026843 0.029038 0.754133
P_00137 0 0.027788 0.024898 0.012244 0.008127 0.005918 0.005836 0.00589 0.007663 0.008317 0.011426 0.012844 0.014562 0.016362 0.016335 0.012844 0.010172 0.006436 0.007908 0.005372 0.0054 0.003763 0.00559 0.007145 0.018953 0.017617 0.720589
P_00146 1 0.034555 0.034087 0.009393 0.004244 0.002671 0.002458 0.002196 0.002078 0.001944 0.00256 0.002891 0.003314 0.003586 0.004884 0.002691 0.003101 0.002032 0.002563 0.001809 0.002163 0.002366 0.00394 0.009308 0.031914 0.034074 0.793179
P_00146 1 0.033984 0.032486 0.008578 0.003986 0.002765 0.002472 0.002344 0.002571 0.002959 0.003408 0.004196 0.005104 0.005046 0.006028 0.004345 0.00444 0.002864 0.00319 0.002199 0.002439 0.002381 0.004267 0.007918 0.031413 0.032837 0.785783
P_00148 1 0.035837 0.033121 0.010773 0.005735 0.004017 0.003309 0.004063 0.003785 0.004551 0.006013 0.006977 0.007952 0.008962 0.011957 0.006954 0.006048 0.005096 0.005085 0.003483 0.004133 0.004516 0.006362 0.010355 0.027595 0.031588 0.741734
P_00148 1 0.03112 0.027669 0.011925 0.007561 0.006311 0.006151 0.00695 0.007063 0.008295 0.009555 0.0109 0.011859 0.012706 0.014041 0.01153 0.010975 0.008135 0.007796 0.005314 0.005699 0.004787 0.005953 0.008323 0.023841 0.025421 0.710119
P_00149 1 0.042061 0.037662 0.011271 0.006282 0.004183 0.003231 0.00239 0.002147 0.002008 0.002363 0.002272 0.00271 0.002849 0.004406 0.00239 0.003405 0.001994 0.003051 0.001834 0.002536 0.002835 0.004551 0.009075 0.033486 0.03817 0.770836
P_00149 1 0.018168 0.01835 0.007544 0.005269 0.005116 0.005967 0.008013 0.008921 0.012689 0.017068 0.02423 0.032492 0.036326 0.035351 0.026066 0.019765 0.012058 0.009763 0.006177 0.005049 0.003634 0.003854 0.005632 0.014209 0.014276 0.644014
P_00160 1 0.034519 0.031703 0.011479 0.006472 0.005254 0.004644 0.0042 0.004397 0.004282 0.005665 0.006818 0.007213 0.00807 0.010688 0.007411 0.008926 0.005204 0.006094 0.003673 0.00364 0.004018 0.004792 0.00835 0.025543 0.029216 0.747727
P_00160 1 0.037222 0.033766 0.011357 0.006117 0.004556 0.003317 0.00317 0.003438 0.003706 0.004842 0.005591 0.006478 0.006773 0.00913 0.005397 0.005831 0.003336 0.004528 0.002911 0.003992 0.003918 0.005868 0.009481 0.029025 0.03189 0.754362
P_00160 0 0.035669 0.030852 0.01264 0.006739 0.005325 0.004982 0.004556 0.005352 0.006066 0.007507 0.008042 0.009895 0.010321 0.011432 0.008619 0.007686 0.004666 0.004982 0.003321 0.003925 0.00409 0.005888 0.009154 0.027009 0.02985 0.731431
P_00160 0 0.034154 0.031697 0.011123 0.006056 0.004548 0.004181 0.004586 0.004827 0.005549 0.006942 0.007728 0.009742 0.009653 0.010857 0.006676 0.007082 0.004371 0.005447 0.002926 0.004244 0.003801 0.005321 0.009159 0.026122 0.029809 0.7434
P_00166 0 0.03334 0.025537 0.016576 0.01163 0.010889 0.009352 0.009689 0.010161 0.011482 0.013476 0.016724 0.020861 0.021373 0.024163 0.017964 0.015457 0.012061 0.011024 0.008005 0.007425 0.007102 0.010296 0.01291 0.020241 0.026872 0.61539
P_00166 0 0.034216 0.026785 0.015872 0.01191 0.009399 0.008001 0.008441 0.009049 0.009166 0.011004 0.012143 0.013943 0.0145 0.01604 0.011729 0.012376 0.008661 0.00914 0.006667 0.007729 0.007703 0.009839 0.012325 0.021063 0.026449 0.665851
P_00169 0 0.023512 0.023941 0.008691 0.006394 0.005697 0.005228 0.006005 0.007799 0.009725 0.011833 0.01325 0.018467 0.021227 0.021941 0.014027 0.01213 0.009188 0.007205 0.005617 0.00496 0.004525 0.005342 0.008171 0.022547 0.024975 0.697603
P_00172 1 0.025753 0.022849 0.010736 0.007563 0.007187 0.007534 0.008421 0.010183 0.011954 0.014134 0.015909 0.018374 0.018776 0.019793 0.01603 0.014553 0.011418 0.010564 0.008212 0.007417 0.006701 0.00763 0.010217 0.020597 0.022832 0.664662
P_00172 1 0.025151 0.022529 0.010823 0.008096 0.007328 0.007321 0.008096 0.009526 0.011598 0.014307 0.017218 0.020014 0.020605 0.021055 0.018137 0.015517 0.011929 0.009987 0.00789 0.007386 0.006716 0.007234 0.009821 0.02037 0.022864 0.658483
P_00174 1 0.024161 0.021898 0.010352 0.006865 0.006748 0.007257 0.007433 0.009079 0.012526 0.015562 0.019293 0.021918 0.024014 0.025571 0.019959 0.017149 0.012017 0.010097 0.007463 0.006425 0.004916 0.005612 0.007639 0.017834 0.01753 0.660683
P_00174 1 0.024615 0.023545 0.010455 0.007373 0.006758 0.007057 0.007499 0.008862 0.011059 0.013354 0.016966 0.020813 0.024057 0.024822 0.018214 0.015189 0.010927 0.010064 0.006976 0.005935 0.005372 0.005814 0.008535 0.021158 0.022239 0.662342
P_00175 1 0.031783 0.031357 0.011134 0.006041 0.004219 0.004049 0.004134 0.004699 0.005839 0.007181 0.00878 0.010708 0.011092 0.01383 0.009717 0.009387 0.006159 0.006095 0.003729 0.003846 0.003878 0.004965 0.008588 0.025977 0.026733 0.736079
P_00175 1 0.027593 0.026742 0.011032 0.007186 0.005439 0.005584 0.005873 0.006842 0.00791 0.009529 0.011756 0.014018 0.014995 0.017032 0.012136 0.010489 0.007131 0.00686 0.004389 0.004633 0.00381 0.00581 0.008398 0.023964 0.024597 0.716253
P_00187 0 0.028623 0.029717 0.009006 0.005703 0.004224 0.004398 0.004489 0.00635 0.007345 0.010785 0.013285 0.016524 0.018522 0.018212 0.014389 0.011259 0.006871 0.006104 0.003942 0.004425 0.004142 0.005146 0.007436 0.023778 0.027591 0.707735
P_00187 0 0.038581 0.033462 0.011824 0.006925 0.004805 0.004428 0.003706 0.003706 0.003894 0.004114 0.005245 0.00614 0.006611 0.007992 0.005402 0.006469 0.003816 0.004742 0.002685 0.003721 0.00391 0.005245 0.009029 0.026647 0.028625 0.758279
P_00190 1 0.021563 0.019388 0.011731 0.008364 0.007785 0.008128 0.009059 0.011231 0.013027 0.016953 0.02175 0.026369 0.029365 0.02892 0.023397 0.018815 0.013999 0.011632 0.00893 0.007703 0.007008 0.007851 0.010232 0.018834 0.021424 0.616542
P_00199 1 0.030464 0.029354 0.010128 0.00592 0.004628 0.004097 0.00431 0.00534 0.00669 0.009044 0.012875 0.013667 0.014565 0.014533 0.01066 0.008911 0.006074 0.005569 0.003603 0.003741 0.003385 0.00431 0.008274 0.027281 0.02979 0.722786
P_00199 1 0.024336 0.024073 0.009044 0.005898 0.004704 0.005139 0.005746 0.007077 0.009773 0.014143 0.020638 0.023759 0.025575 0.024867 0.017993 0.013309 0.008918 0.007178 0.004709 0.004269 0.003753 0.004993 0.008159 0.022004 0.024265 0.675676
P_00205 0 0.034725 0.034362 0.009442 0.003893 0.002667 0.002357 0.0026 0.002654 0.002694 0.003731 0.004741 0.005779 0.006358 0.007328 0.004607 0.005172 0.002344 0.003327 0.002196 0.00295 0.002384 0.004054 0.00823 0.0283 0.028138 0.784968
P_00205 0 0.025912 0.026151 0.011173 0.006415 0.005587 0.005797 0.005811 0.007089 0.008184 0.009391 0.010401 0.012156 0.014065 0.01523 0.010359 0.008478 0.006541 0.006836 0.005404 0.004492 0.003593 0.005727 0.00845 0.020859 0.022361 0.733535
P_00206 0 0.034681 0.032276 0.011078 0.006321 0.00477 0.004144 0.003961 0.004245 0.004455 0.004813 0.005565 0.005766 0.006265 0.007244 0.005452 0.00553 0.004411 0.004726 0.004022 0.004289 0.004367 0.006265 0.010116 0.029798 0.033981 0.75146
P_00207 1 0.039184 0.033259 0.013698 0.007849 0.006948 0.004963 0.004062 0.005085 0.005452 0.006612 0.008613 0.009956 0.007253 0.009254 0.006551 0.007574 0.005375 0.006459 0.004184 0.005421 0.003986 0.006887 0.009956 0.026968 0.031564 0.722887
P_00207 1 0.033357 0.02872 0.011159 0.008213 0.006256 0.005797 0.006014 0.006787 0.008647 0.012246 0.014444 0.016111 0.016208 0.017222 0.013671 0.013792 0.009082 0.009855 0.005362 0.00599 0.004372 0.005386 0.006232 0.02099 0.022295 0.691787
P_00207 1 0.02973 0.027553 0.011144 0.007591 0.007442 0.008 0.008056 0.009135 0.010995 0.011665 0.013507 0.015498 0.016149 0.018642 0.01293 0.012651 0.008149 0.009098 0.005805 0.006381 0.005767 0.007014 0.009488 0.019777 0.022233 0.6856
P_00207 1 0.030812 0.024225 0.011134 0.008681 0.008268 0.008516 0.008654 0.009205 0.010886 0.015433 0.015323 0.017363 0.017583 0.019788 0.014772 0.014166 0.009095 0.009177 0.005953 0.006118 0.005126 0.006339 0.008158 0.019044 0.019843 0.67634
P_00207 1 0.034322 0.030495 0.014787 0.009457 0.007493 0.006632 0.006632 0.007253 0.008355 0.009898 0.013645 0.01645 0.013745 0.017111 0.010639 0.01108 0.008095 0.006993 0.00581 0.006251 0.006392 0.007574 0.009938 0.023062 0.027269 0.680625
P_00207 1 0.029204 0.025274 0.00948 0.006466 0.006314 0.007287 0.007458 0.00927 0.011369 0.01566 0.018407 0.022833 0.024511 0.025331 0.018464 0.015279 0.009347 0.008908 0.005188 0.005684 0.004902 0.00599 0.008546 0.019056 0.02165 0.658121
P_00208 0 0.032509 0.030155 0.009712 0.005858 0.004769 0.004333 0.003888 0.004516 0.005039 0.006512 0.007811 0.008753 0.008866 0.010461 0.007166 0.006765 0.004769 0.004847 0.003478 0.003731 0.003295 0.004847 0.00823 0.028054 0.02815 0.753487
P_00215 0 0.025109 0.023511 0.01191 0.008115 0.006681 0.006409 0.007789 0.010784 0.013508 0.018246 0.024183 0.031481 0.034949 0.03366 0.02175 0.017556 0.010585 0.008479 0.005483 0.005646 0.005211 0.006227 0.007916 0.01772 0.020352 0.616739
P_00217 1 0.02667 0.025479 0.009431 0.006076 0.004682 0.004871 0.00521 0.006833 0.009201 0.012584 0.016995 0.022354 0.022435 0.023423 0.016495 0.013125 0.008714 0.006698 0.004709 0.003897 0.003302 0.004695 0.007212 0.021907 0.028686 0.684316
P_00218 1 0.030403 0.029528 0.018274 0.011315 0.008425 0.007448 0.008079 0.008384 0.008995 0.01046 0.012007 0.01278 0.014164 0.016321 0.012007 0.013289 0.009259 0.010317 0.006878 0.006919 0.006146 0.007896 0.011355 0.020981 0.02385 0.674522
P_00218 1 0.041226 0.034763 0.016617 0.010132 0.007468 0.005808 0.004738 0.004673 0.005284 0.005393 0.006704 0.006245 0.006485 0.009673 0.005939 0.009084 0.005568 0.0069 0.004826 0.005568 0.004804 0.007752 0.011398 0.02664 0.031968 0.714342
P_00219 0 0.027769 0.026854 0.010749 0.009129 0.005985 0.005556 0.005861 0.007033 0.008396 0.010178 0.012207 0.01721 0.020851 0.019421 0.011883 0.011607 0.00831 0.008186 0.007128 0.006966 0.005718 0.006747 0.009167 0.023061 0.025425 0.688604
P_00221 0 0.032611 0.027147 0.014817 0.009354 0.007632 0.007249 0.006696 0.007122 0.00912 0.012628 0.014626 0.018346 0.020514 0.020217 0.015242 0.012734 0.008631 0.007929 0.00523 0.005634 0.004294 0.006569 0.009864 0.021939 0.022874 0.670982
P_00224 0 0.026053 0.024894 0.009235 0.007071 0.005282 0.004958 0.007276 0.009167 0.011076 0.014432 0.017687 0.021401 0.020566 0.022458 0.016255 0.012711 0.008503 0.007259 0.004413 0.004584 0.003987 0.004924 0.007122 0.020481 0.021129 0.687074
P_00224 0 0.028911 0.026807 0.009497 0.006191 0.004884 0.004298 0.004418 0.005515 0.006897 0.009677 0.012727 0.017971 0.020691 0.019745 0.011886 0.009076 0.006206 0.00547 0.003366 0.003696 0.003246 0.003877 0.006822 0.023216 0.023727 0.721187
P_00224 0 0.017156 0.01701 0.006262 0.004442 0.003942 0.004456 0.006131 0.008772 0.013428 0.021175 0.031549 0.041603 0.045122 0.041559 0.029535 0.020763 0.013185 0.008733 0.005641 0.00435 0.003602 0.003976 0.005583 0.015447 0.045181 0.581398
P_00224 0 0.032508 0.030437 0.010863 0.006143 0.004611 0.003839 0.004059 0.004237 0.005331 0.006359 0.007429 0.008628 0.009019 0.009472 0.007123 0.006438 0.005063 0.004727 0.003826 0.003942 0.003802 0.00532 0.008985 0.028511 0.031164 0.748163
P_00225 0 0.025476 0.021835 0.012641 0.009374 0.007186 0.007504 0.008183 0.009609 0.012655 0.016449 0.023829 0.031915 0.037813 0.034338 0.023358 0.017376 0.010287 0.009166 0.005815 0.006064 0.005344 0.005621 0.007726 0.01757 0.01962 0.613245
P_00225 0 0.025802 0.022732 0.011209 0.008792 0.007329 0.005996 0.007995 0.008884 0.011235 0.014018 0.017715 0.021765 0.023712 0.023894 0.017428 0.015128 0.010464 0.008662 0.006963 0.006728 0.005644 0.006767 0.009759 0.019636 0.021086 0.660657
P_00226 1 0.041302 0.038747 0.009928 0.004152 0.002312 0.001649 0.001299 0.001211 0.00137 0.001539 0.001623 0.001854 0.002087 0.003016 0.001659 0.002139 0.001185 0.002 0.001217 0.00188 0.002055 0.003815 0.008993 0.036354 0.039075 0.787539
P_00226 1 0.027021 0.024211 0.010271 0.007359 0.006168 0.006423 0.007039 0.008477 0.010234 0.013239 0.015787 0.018606 0.019173 0.020809 0.016625 0.01413 0.010886 0.00938 0.007031 0.00616 0.005601 0.006334 0.00904 0.023052 0.027175 0.669769
P_00229 0 0.026567 0.027225 0.009828 0.00669 0.005428 0.005227 0.006753 0.00829 0.009626 0.011047 0.014174 0.017058 0.017249 0.018542 0.013549 0.011418 0.007983 0.007124 0.004463 0.004845 0.004029 0.00529 0.008216 0.022019 0.023853 0.703507
P_00229 0 0.033637 0.031011 0.011179 0.007398 0.005634 0.005472 0.00499 0.005365 0.005713 0.006228 0.007734 0.008138 0.008614 0.009067 0.007096 0.006654 0.005113 0.005169 0.004156 0.004436 0.004464 0.006009 0.009975 0.027701 0.030759 0.738288
P_00231 0 0.025724 0.024735 0.009065 0.005332 0.004326 0.004885 0.005289 0.006915 0.009633 0.012505 0.015988 0.018723 0.019996 0.020839 0.014268 0.01149 0.008033 0.006846 0.00473 0.004636 0.00393 0.005152 0.007431 0.021691 0.023823 0.704013
P_00231 0 0.031855 0.029574 0.010696 0.005782 0.00469 0.004485 0.00468 0.005587 0.007098 0.008083 0.01056 0.010443 0.011477 0.012481 0.009595 0.008668 0.006611 0.006416 0.004349 0.004739 0.004008 0.005041 0.008649 0.024884 0.02698 0.732568
P_00234 0 0.029791 0.024268 0.013956 0.009634 0.007695 0.007499 0.008057 0.008653 0.010045 0.010992 0.012742 0.013544 0.014453 0.01455 0.012939 0.011893 0.010333 0.009872 0.008285 0.008007 0.007394 0.008699 0.013457 0.024249 0.029243 0.669749
