P_00005 3 0.0298 0.026299 0.013166 0.009457 0.007544 0.0071 0.007039 0.007757 0.008579 0.009693 0.011127 0.012584 0.013041 0.013542 0.011248 0.009881 0.008291 0.008163 0.006646 0.0071 0.007225 0.008592 0.012697 0.025163 0.029783 0.688484
P_00005 3 0.029147 0.024902 0.013342 0.009479 0.008278 0.007818 0.008564 0.009364 0.010621 0.012791 0.014096 0.016278 0.016752 0.017838 0.014823 0.012892 0.010081 0.009241 0.007778 0.007085 0.007075 0.008492 0.012561 0.02327 0.028243 0.659188
P_00007 4 0.030829 0.025732 0.011691 0.007113 0.005131 0.004782 0.004843 0.006006 0.007663 0.009857 0.012908 0.015333 0.015903 0.015191 0.011999 0.009816 0.007189 0.006546 0.004662 0.004583 0.004996 0.006882 0.011725 0.025531 0.060984 0.672105
P_00007 4 0.04222 0.035556 0.013425 0.006433 0.003738 0.002489 0.001955 0.001663 0.001566 0.001615 0.0016 0.001844 0.001997 0.002838 0.001816 0.002249 0.001613 0.002455 0.001901 0.002527 0.003338 0.006074 0.013127 0.035058 0.041093 0.769811
P_00008 2 0.044706 0.038179 0.012703 0.006913 0.004316 0.003334 0.002456 0.002386 0.002842 0.002456 0.002948 0.002913 0.002667 0.005369 0.002527 0.003965 0.002737 0.003965 0.002351 0.003474 0.002597 0.005509 0.008983 0.027477 0.029442 0.772783
P_00008 2 0.04259 0.040384 0.012871 0.006485 0.003209 0.002173 0.002374 0.002574 0.002541 0.002708 0.002975 0.00244 0.00361 0.006084 0.001805 0.004847 0.001304 0.004112 0.000936 0.002608 0.00127 0.003209 0.005951 0.029452 0.033263 0.778224
P_00008 2 0.044248 0.040647 0.012817 0.007141 0.003967 0.002746 0.001892 0.002075 0.003418 0.002807 0.002502 0.002502 0.003235 0.008789 0.002075 0.005981 0.001526 0.004455 0.001038 0.003235 0.002075 0.004638 0.007507 0.026793 0.03015 0.771742
P_00008 2 0.045977 0.040257 0.012938 0.006362 0.005132 0.003208 0.002833 0.00294 0.00278 0.002406 0.003689 0.003101 0.004865 0.008661 0.003689 0.005827 0.001497 0.004063 0.000642 0.00262 0.001978 0.003528 0.00711 0.030206 0.034536 0.759155
P_00008 2 0.048732 0.041778 0.015389 0.006897 0.005244 0.003021 0.002793 0.002622 0.002622 0.002451 0.002451 0.002964 0.003705 0.007182 0.002337 0.005073 0.001083 0.00399 0.000399 0.003078 0.001653 0.003933 0.00684 0.029182 0.031975 0.76261
P_00008 2 0.041928 0.033667 0.014485 0.009223 0.008884 0.00713 0.005772 0.006337 0.006111 0.007243 0.008488 0.008544 0.009393 0.014089 0.007356 0.009336 0.00447 0.005885 0.002942 0.002829 0.002773 0.005432 0.008431 0.024727 0.026877 0.717648
P_00008 2 0.050559 0.045277 0.016876 0.008987 0.004528 0.002401 0.001989 0.002538 0.002401 0.001852 0.002058 0.001852 0.001921 0.004871 0.001303 0.003499 0.000892 0.002675 0.001235 0.002813 0.001989 0.004665 0.009604 0.030528 0.037525 0.755162
P_00008 2 0.044702 0.035781 0.015887 0.009971 0.005582 0.004055 0.004198 0.003006 0.003435 0.003626 0.003626 0.003673 0.004914 0.008158 0.003053 0.005057 0.002004 0.005105 0.001574 0.003483 0.002433 0.005725 0.007729 0.028959 0.030628 0.753638
P_00008 2 0.049051 0.042195 0.011794 0.006284 0.004081 0.002244 0.002081 0.001592 0.001387 0.001183 0.001265 0.002163 0.001836 0.003346 0.000979 0.003265 0.000775 0.003673 0.000735 0.002448 0.001673 0.003428 0.007468 0.032728 0.038482 0.773842
P_00008 2 0.046897 0.038519 0.012374 0.0091 0.004622 0.004526 0.002985 0.0039 0.004767 0.007078 0.007896 0.002889 0.00443 0.007319 0.002889 0.005441 0.00207 0.004959 0.001782 0.002504 0.00183 0.003756 0.006933 0.028215 0.033608 0.748712
P_00008 2 0.036571 0.031717 0.014461 0.009856 0.007679 0.005943 0.005355 0.00456 0.005164 0.005752 0.006855 0.008268 0.008165 0.009959 0.006973 0.0074 0.00459 0.005517 0.003413 0.003869 0.003766 0.005237 0.009253 0.027774 0.03004 0.731865
P_00008 2 0.038332 0.031959 0.014979 0.011025 0.008373 0.008048 0.006722 0.006885 0.00742 0.007862 0.00828 0.008839 0.009164 0.01156 0.00749 0.008583 0.005443 0.006815 0.004233 0.004815 0.004582 0.006769 0.009397 0.02626 0.028679 0.707487
P_00008 2 0.051854 0.040006 0.012506 0.008484 0.00746 0.005632 0.005046 0.003364 0.004388 0.003949 0.002999 0.003803 0.003218 0.006655 0.003291 0.005851 0.00139 0.006217 0.001682 0.003072 0.001975 0.004608 0.009727 0.026329 0.033643 0.742851
P_00008 2 0.043796 0.040066 0.016303 0.009324 0.00634 0.005221 0.005168 0.00325 0.002717 0.004262 0.00341 0.003676 0.004369 0.00682 0.003197 0.005008 0.00325 0.005221 0.002291 0.003889 0.003303 0.005914 0.010443 0.027013 0.033353 0.742394
P_00008 2 0.037996 0.031797 0.015237 0.009732 0.006437 0.005137 0.005094 0.005007 0.006416 0.006914 0.00971 0.011878 0.014262 0.016928 0.010339 0.00932 0.004877 0.005527 0.003598 0.004617 0.003945 0.005094 0.00906 0.025663 0.029174 0.706244
P_00008 2 0.045164 0.028571 0.021208 0.020226 0.017673 0.012666 0.012764 0.012077 0.010113 0.011095 0.011389 0.013058 0.015022 0.016495 0.011095 0.011782 0.007266 0.006971 0.005793 0.005596 0.00432 0.007658 0.009818 0.022975 0.022484 0.636721
P_00010 2 0.022835 0.01971 0.011418 0.008293 0.008954 0.009855 0.012139 0.018569 0.029205 0.033051 0.041043 0.046692 0.040202 0.037257 0.027522 0.021814 0.014182 0.011117 0.006069 0.00649 0.004687 0.006069 0.004928 0.010576 0.014723 0.5326
P_00010 2 0.026008 0.017976 0.011403 0.011066 0.011291 0.014324 0.020222 0.021065 0.0273 0.036063 0.049489 0.049545 0.048927 0.046792 0.037243 0.027525 0.018369 0.017751 0.011572 0.007977 0.00573 0.004719 0.004943 0.010561 0.013313 0.448826
P_00011 4 0.028756 0.023016 0.013181 0.008966 0.008517 0.008856 0.009769 0.01181 0.013107 0.015273 0.016909 0.018397 0.020386 0.020821 0.017071 0.014912 0.012149 0.010742 0.00893 0.007692 0.006874 0.007677 0.010337 0.02057 0.024269 0.641013
P_00011 4 0.032374 0.024618 0.014175 0.010418 0.008838 0.009144 0.008342 0.010265 0.013296 0.016059 0.017549 0.018212 0.018148 0.020147 0.016505 0.014544 0.011449 0.011093 0.008291 0.008864 0.007909 0.008749 0.009997 0.019243 0.02472 0.637053
P_00012 4 0.029971 0.031368 0.008173 0.003227 0.00211 0.001997 0.001802 0.001632 0.001607 0.002068 0.002329 0.002538 0.002748 0.003268 0.002206 0.0023 0.001747 0.002214 0.001871 0.002296 0.002207 0.00401 0.009804 0.031021 0.032573 0.812914
P_00012 4 0.034394 0.032628 0.0102 0.005335 0.003794 0.003054 0.002755 0.002836 0.00306 0.003473 0.003985 0.004381 0.004637 0.005073 0.003938 0.003621 0.002779 0.002994 0.00247 0.002904 0.003209 0.005058 0.010182 0.032871 0.036398 0.773971
P_00013 4 0.030995 0.023632 0.017513 0.012944 0.011018 0.010181 0.01063 0.011224 0.012782 0.014541 0.017758 0.020624 0.022911 0.023368 0.018807 0.01598 0.012978 0.012014 0.010396 0.010192 0.009661 0.011464 0.01576 0.021681 0.029456 0.591491
P_00014 4 0.038657 0.032731 0.01251 0.00736 0.005303 0.004564 0.004618 0.004392 0.00515 0.005448 0.005989 0.00635 0.006692 0.007856 0.005682 0.00552 0.004149 0.00524 0.003824 0.004852 0.004907 0.006377 0.009885 0.028654 0.033299 0.739991
P_00014 4 0.03702 0.031267 0.013063 0.008199 0.006795 0.006517 0.005433 0.006212 0.005989 0.006476 0.006406 0.00699 0.00692 0.009186 0.006615 0.007824 0.005197 0.006434 0.004614 0.005572 0.005489 0.007101 0.009714 0.025625 0.027709 0.731632
P_00016 5 0.025435 0.018649 0.011654 0.008574 0.00709 0.007508 0.008336 0.010756 0.014754 0.02074 0.028863 0.03656 0.040771 0.038569 0.02881 0.022143 0.015086 0.011982 0.008599 0.007168 0.006905 0.007274 0.010022 0.017218 0.043191 0.543344
P_00016 5 0.034682 0.023819 0.015566 0.0115 0.009742 0.009148 0.009565 0.010638 0.011203 0.012309 0.014287 0.015782 0.017056 0.017492 0.014383 0.014115 0.011184 0.01002 0.008272 0.007558 0.007606 0.008918 0.012927 0.022109 0.028077 0.642043
P_00019 4 0.02845 0.02248 0.013965 0.011418 0.009726 0.009391 0.009776 0.011125 0.011953 0.014898 0.017792 0.021317 0.022949 0.024193 0.018719 0.015564 0.012339 0.010566 0.009056 0.008506 0.008446 0.010201 0.013505 0.022205 0.028492 0.612974
P_00019 4 0.033897 0.029667 0.013204 0.008351 0.00636 0.005689 0.005409 0.00565 0.005991 0.006721 0.007448 0.008474 0.008841 0.009337 0.007424 0.006658 0.005621 0.005545 0.004705 0.004934 0.005554 0.007415 0.012609 0.030442 0.035383 0.718672
P_00020 4 0.024564 0.023048 0.009563 0.006669 0.006028 0.005897 0.006283 0.008455 0.010919 0.015467 0.019724 0.02401 0.025344 0.025169 0.019381 0.014476 0.009687 0.007515 0.005532 0.005292 0.004884 0.005722 0.008426 0.019855 0.02503 0.663059
P_00020 4 0.027645 0.023384 0.011279 0.008055 0.008138 0.008145 0.010107 0.011316 0.013142 0.014961 0.017065 0.018162 0.019544 0.019973 0.016381 0.013924 0.011129 0.010189 0.008476 0.007161 0.007071 0.007146 0.00937 0.021017 0.024391 0.652828
P_00022 4 0.031894 0.028983 0.011569 0.007203 0.005379 0.005034 0.005483 0.005557 0.00634 0.006834 0.007887 0.007824 0.008301 0.009538 0.006846 0.006903 0.005379 0.005155 0.003469 0.003883 0.003601 0.004999 0.009233 0.026567 0.03064 0.745497
P_00022 4 0.026275 0.02415 0.010496 0.007818 0.006752 0.00633 0.006635 0.007604 0.009085 0.012133 0.015409 0.018171 0.019711 0.019828 0.016741 0.012822 0.008416 0.007844 0.005901 0.00531 0.004744 0.005764 0.008747 0.020705 0.023077 0.68953
P_00024 4 0.036371 0.026272 0.016095 0.012939 0.013228 0.013018 0.011571 0.010756 0.01073 0.012018 0.012229 0.013623 0.013386 0.015095 0.011124 0.012834 0.008389 0.008494 0.006785 0.006469 0.005917 0.008757 0.012124 0.021591 0.023774 0.65641
P_00024 4 0.027441 0.019188 0.011404 0.009555 0.008514 0.008149 0.009685 0.012601 0.018537 0.026296 0.034601 0.040694 0.044365 0.044625 0.031191 0.024265 0.016767 0.013096 0.007811 0.006379 0.004712 0.004999 0.007316 0.013538 0.017418 0.536853
P_00028 4 0.029469 0.018135 0.013737 0.012513 0.012513 0.013148 0.014689 0.02013 0.024391 0.033277 0.035726 0.038174 0.038582 0.043161 0.034819 0.027792 0.01682 0.015732 0.011833 0.008841 0.007526 0.006937 0.007254 0.010382 0.013782 0.490638
P_00029 4 0.036823 0.024699 0.015942 0.012532 0.011876 0.010871 0.010987 0.012692 0.013537 0.014689 0.016117 0.019148 0.01871 0.018171 0.015796 0.015563 0.011468 0.010856 0.008408 0.008335 0.008044 0.009005 0.011614 0.019497 0.027585 0.617035
P_00029 4 0.034833 0.026921 0.015918 0.011971 0.010724 0.008992 0.009514 0.010835 0.011785 0.013051 0.013926 0.016272 0.016737 0.018227 0.013181 0.013144 0.009383 0.009588 0.006255 0.007559 0.006963 0.009923 0.014373 0.021187 0.02316 0.645579
P_00030 2 0.028718 0.027172 0.010976 0.005062 0.003783 0.004635 0.005221 0.007033 0.009697 0.018648 0.044435 0.066652 0.036869 0.022537 0.011881 0.010656 0.004848 0.005967 0.002451 0.004209 0.003037 0.004475 0.0065 0.016836 0.021152 0.616549
P_00030 2 0.028739 0.026675 0.010838 0.006633 0.004583 0.003654 0.003606 0.003871 0.004628 0.006152 0.010243 0.019584 0.025553 0.019814 0.009895 0.005993 0.00429 0.003664 0.003069 0.002986 0.002924 0.004253 0.008385 0.025825 0.110821 0.643322
P_00030 2 0.030094 0.027732 0.010611 0.00612 0.004553 0.003998 0.003884 0.00431 0.005238 0.006174 0.008324 0.012466 0.013501 0.013003 0.008083 0.006129 0.004385 0.00419 0.003215 0.003458 0.003425 0.004755 0.008522 0.027354 0.073078 0.703398
P_00030 2 0.029245 0.029913 0.010973 0.006965 0.004675 0.004389 0.004628 0.006059 0.008826 0.014121 0.037546 0.058824 0.033443 0.017366 0.007538 0.00873 0.003864 0.006631 0.003435 0.003387 0.003912 0.005152 0.007586 0.019894 0.020705 0.642193
P_00030 2 0.034484 0.031634 0.011809 0.00676 0.004548 0.003877 0.00341 0.003775 0.003887 0.004489 0.004763 0.005886 0.006682 0.011822 0.004945 0.006245 0.003725 0.004945 0.003005 0.00334 0.003777 0.005563 0.009989 0.031961 0.036238 0.74844
P_00030 2 0.034043 0.030885 0.010573 0.005564 0.003744 0.003005 0.00289 0.002971 0.003441 0.004109 0.005688 0.00725 0.008177 0.007623 0.005287 0.004239 0.003364 0.00324 0.002716 0.003 0.003334 0.005176 0.009873 0.032086 0.07731 0.720413
P_00031 4 0.045288 0.03669 0.016552 0.009074 0.00591 0.005321 0.004089 0.003893 0.003277 0.004313 0.004789 0.005573 0.004873 0.007618 0.003837 0.004985 0.003109 0.004453 0.002885 0.004929 0.004845 0.006582 0.012155 0.028763 0.032741 0.733455
P_00034 4 0.037433 0.025633 0.016335 0.011288 0.009488 0.008508 0.008193 0.009444 0.01 0.011119 0.013607 0.014755 0.015479 0.016928 0.013958 0.012348 0.010278 0.009634 0.007294 0.007681 0.007272 0.009481 0.01379 0.022729 0.029364 0.647959
P_00034 4 0.031688 0.023726 0.013951 0.010281 0.00878 0.007808 0.008067 0.008837 0.010225 0.011808 0.014003 0.015745 0.016439 0.018439 0.015403 0.01424 0.011103 0.010116 0.007876 0.007021 0.006833 0.00848 0.011756 0.022848 0.028195 0.656333
P_00043 4 0.032272 0.024265 0.015053 0.010499 0.009065 0.00872 0.009045 0.00965 0.010641 0.011802 0.013185 0.013848 0.014174 0.014312 0.012719 0.011572 0.010147 0.009779 0.008447 0.008328 0.00831 0.009903 0.014258 0.024232 0.031397 0.654378
P_00047 4 0.041778 0.033615 0.015504 0.008644 0.010359 0.006654 0.008164 0.007752 0.007683 0.009261 0.008712 0.006929 0.0059 0.009947 0.004185 0.007889 0.003773 0.004939 0.002813 0.003156 0.002538 0.005557 0.006037 0.022364 0.027372 0.728476
P_00047 4 0.043537 0.036785 0.016961 0.014584 0.008751 0.004807 0.004645 0.004375 0.004159 0.004915 0.004861 0.005294 0.004537 0.005456 0.003133 0.004753 0.003133 0.004645 0.002485 0.004321 0.003403 0.005618 0.009345 0.027116 0.03295 0.735429
P_00047 4 0.048086 0.038763 0.014744 0.008038 0.005803 0.00352 0.003424 0.003139 0.002663 0.002235 0.001855 0.002901 0.003662 0.007039 0.002235 0.005755 0.002045 0.003805 0.001189 0.002331 0.002663 0.00547 0.00761 0.029869 0.033389 0.757765
P_00047 4 0.047284 0.037548 0.015731 0.012306 0.007753 0.007618 0.005319 0.004553 0.004913 0.005003 0.005003 0.005905 0.005139 0.007933 0.00311 0.00622 0.00311 0.004643 0.002389 0.003922 0.002705 0.005589 0.008339 0.028533 0.029615 0.729817
P_00047 4 0.035386 0.03434 0.016409 0.010844 0.007467 0.005089 0.005898 0.004471 0.006944 0.008181 0.013365 0.014744 0.014031 0.015315 0.009893 0.008799 0.005375 0.006706 0.003377 0.004423 0.003377 0.005042 0.008038 0.023734 0.02302 0.705731
P_00047 4 0.04299 0.038611 0.015052 0.006997 0.006897 0.007098 0.006494 0.005135 0.00589 0.005537 0.004833 0.004883 0.004329 0.007048 0.003222 0.005336 0.002064 0.004732 0.001913 0.002769 0.002165 0.005185 0.007752 0.028039 0.029298 0.745734
P_00048 2 0.04001 0.034476 0.013914 0.006983 0.004578 0.004759 0.004345 0.005147 0.006259 0.006155 0.006155 0.008095 0.010216 0.008535 0.004242 0.005147 0.002095 0.005043 0.002612 0.00344 0.002457 0.004785 0.008457 0.02757 0.032122 0.742403
P_00048 2 0.040517 0.034935 0.014832 0.00974 0.007005 0.006449 0.004892 0.005159 0.004114 0.005537 0.005648 0.008139 0.008962 0.009518 0.004803 0.006227 0.003047 0.005248 0.003069 0.003514 0.003202 0.005315 0.010474 0.029598 0.030888 0.729169
P_00048 2 0.033214 0.030319 0.012669 0.008429 0.006602 0.005378 0.005412 0.00636 0.006981 0.009394 0.011221 0.016202 0.019167 0.01734 0.009876 0.009118 0.005188 0.006171 0.003309 0.00424 0.003568 0.005205 0.008773 0.024682 0.02925 0.701932
P_00048 2 0.038967 0.034718 0.012209 0.006427 0.005271 0.004841 0.006078 0.005836 0.006427 0.008686 0.00796 0.010138 0.012317 0.010327 0.005083 0.005352 0.002958 0.003496 0.001829 0.0032 0.002555 0.005002 0.008148 0.028936 0.033374 0.729864
P_00049 4 0.034642 0.020973 0.014753 0.011827 0.010432 0.011264 0.010945 0.012433 0.014812 0.018208 0.021469 0.024361 0.023445 0.025866 0.020082 0.017493 0.014299 0.012937 0.011029 0.009457 0.008557 0.010045 0.012567 0.018586 0.026782 0.582737
P_00049 4 0.03186 0.0229 0.013269 0.010058 0.008826 0.009131 0.010205 0.011743 0.013635 0.015307 0.020703 0.024499 0.026196 0.028149 0.020727 0.01698 0.012036 0.010058 0.008081 0.007764 0.006934 0.008679 0.01084 0.01925 0.025903 0.606267
P_00060 4 0.031901 0.028397 0.010857 0.006833 0.005459 0.005671 0.006067 0.007123 0.008242 0.009043 0.010091 0.00995 0.010179 0.011588 0.008638 0.008409 0.006331 0.006313 0.004746 0.004755 0.004561 0.005988 0.009395 0.025218 0.026486 0.72776
P_00060 4 0.030595 0.028336 0.011615 0.006788 0.005852 0.005733 0.005633 0.006997 0.007276 0.00838 0.008997 0.010082 0.009704 0.012222 0.009525 0.009226 0.006788 0.007465 0.005474 0.005912 0.005116 0.006071 0.008948 0.023519 0.026077 0.727668
P_00062 4 0.039282 0.03278 0.012509 0.008092 0.0061 0.005088 0.005253 0.005532 0.0061 0.005398 0.005274 0.005625 0.005976 0.007349 0.006182 0.006244 0.004686 0.005295 0.003788 0.004634 0.004294 0.006193 0.010331 0.0283 0.03119 0.738505
P_00062 4 0.035799 0.030008 0.011484 0.007873 0.006289 0.006036 0.00619 0.007158 0.006678 0.007258 0.006968 0.006588 0.007547 0.008715 0.006778 0.00695 0.005783 0.00619 0.004995 0.005393 0.004923 0.006534 0.009448 0.026388 0.028714 0.733315
P_00063 5 0.031495 0.025898 0.011439 0.007489 0.006087 0.005646 0.006009 0.006803 0.009361 0.012331 0.016448 0.020271 0.023192 0.021398 0.016184 0.011616 0.007783 0.007871 0.004666 0.00495 0.004735 0.005862 0.008655 0.022869 0.024525 0.676417
P_00063 5 0.034767 0.028182 0.012827 0.009579 0.007594 0.006319 0.006674 0.00735 0.008137 0.0099 0.012738 0.013137 0.01429 0.015366 0.01174 0.0101 0.00776 0.007638 0.005909 0.006009 0.005532 0.007583 0.010177 0.022993 0.028403 0.689294
P_00071 3 0.036209 0.031661 0.012234 0.006863 0.005393 0.004365 0.00385 0.004122 0.003858 0.004431 0.005033 0.005489 0.005481 0.007811 0.004864 0.005672 0.003674 0.004982 0.003674 0.00421 0.00435 0.006216 0.009927 0.028031 0.031536 0.756064
P_00071 3 0.036702 0.032517 0.011951 0.006357 0.004803 0.004351 0.00374 0.003634 0.004198 0.004398 0.004756 0.004889 0.005779 0.006909 0.004477 0.005434 0.003979 0.004245 0.003288 0.004052 0.004158 0.00564 0.010064 0.029235 0.031481 0.758963
P_00078 4 0.035609 0.030943 0.013673 0.007724 0.005675 0.005136 0.005773 0.005508 0.006136 0.007753 0.008263 0.00887 0.009527 0.011125 0.007381 0.007577 0.005244 0.005744 0.003852 0.00442 0.004273 0.006469 0.010321 0.02717 0.030012 0.725822
P_00078 4 0.039271 0.034242 0.014456 0.00771 0.005192 0.003769 0.003876 0.003491 0.003622 0.004055 0.00444 0.004055 0.004677 0.005961 0.003606 0.004342 0.002976 0.004162 0.00278 0.003851 0.004235 0.006819 0.011422 0.029917 0.034847 0.752226
P_00083 4 0.040396 0.028093 0.01487 0.010963 0.009445 0.008347 0.007653 0.008121 0.008783 0.009946 0.009655 0.010365 0.010753 0.011043 0.009025 0.008686 0.007298 0.006636 0.005102 0.00528 0.005457 0.007814 0.011156 0.023588 0.030789 0.690734
P_00084 4 0.032446 0.024828 0.014721 0.010632 0.009299 0.008468 0.008163 0.008808 0.009939 0.011076 0.012205 0.013112 0.012848 0.013345 0.01077 0.009654 0.00857 0.008475 0.007264 0.007645 0.0079 0.009681 0.014438 0.025242 0.03231 0.668157
P_00084 4 0.035173 0.025283 0.015509 0.012042 0.010261 0.009239 0.008838 0.009493 0.010532 0.011551 0.013772 0.015245 0.01623 0.015733 0.013121 0.011721 0.009663 0.009513 0.007739 0.008317 0.008444 0.010532 0.014711 0.025086 0.032818 0.639433
P_00085 3 0.028908 0.026671 0.010932 0.006909 0.005767 0.005408 0.005617 0.006401 0.00766 0.008994 0.009901 0.011242 0.011538 0.012443 0.009866 0.009331 0.007166 0.006995 0.005758 0.00559 0.00556 0.006674 0.010149 0.026331 0.030148 0.718042
P_00085 3 0.027517 0.024372 0.011943 0.008214 0.007192 0.006996 0.007269 0.008308 0.009737 0.011673 0.013845 0.016027 0.017047 0.017197 0.014202 0.011763 0.009527 0.008633 0.00716 0.00664 0.006393 0.007377 0.010695 0.025068 0.028345 0.676861
P_00088 4 0.04191 0.037926 0.013279 0.006866 0.005668 0.004955 0.004502 0.004275 0.004631 0.004502 0.005797 0.00434 0.005052 0.00732 0.004469 0.005635 0.003271 0.004923 0.00285 0.003757 0.00298 0.005085 0.008971 0.027853 0.030963 0.748219
P_00088 4 0.039988 0.033203 0.013196 0.00796 0.005209 0.005049 0.004728 0.004247 0.004408 0.004621 0.004808 0.005743 0.005823 0.008628 0.004488 0.006464 0.003633 0.005209 0.002912 0.00374 0.003579 0.004862 0.008201 0.026686 0.027647 0.754968
P_00091 4 0.046516 0.041412 0.008945 0.003943 0.002087 0.001347 0.000998 0.000936 0.00077 0.000734 0.00074 0.000845 0.000776 0.001676 0.000832 0.001317 0.000639 0.001415 0.000636 0.001288 0.001415 0.003043 0.00751 0.042404 0.049023 0.778754
P_00091 4 0.037732 0.035014 0.011288 0.006052 0.003968 0.003334 0.002796 0.00343 0.003321 0.004159 0.004185 0.00537 0.00514 0.006655 0.004237 0.004407 0.002661 0.003074 0.002067 0.002844 0.002752 0.004528 0.009095 0.032465 0.036269 0.763156
P_00098 2 0.035423 0.031047 0.014478 0.009324 0.006619 0.005215 0.004546 0.004212 0.004887 0.005287 0.005994 0.007349 0.008081 0.00817 0.005896 0.005584 0.004316 0.00478 0.003584 0.004388 0.004642 0.006475 0.010451 0.030669 0.035256 0.733329
P_00098 2 0.036503 0.02927 0.014283 0.009431 0.006903 0.00602 0.005563 0.005754 0.00689 0.007767 0.008497 0.009907 0.010002 0.010459 0.007208 0.006503 0.005195 0.004947 0.003829 0.004579 0.004439 0.006973 0.010694 0.028349 0.032242 0.717791
P_00098 2 0.036132 0.030909 0.013483 0.008747 0.00658 0.005152 0.004772 0.004541 0.004874 0.005556 0.006147 0.007335 0.008113 0.007825 0.00632 0.006097 0.004876 0.005259 0.004466 0.004807 0.00541 0.00731 0.011805 0.030549 0.034863 0.728071
P_00098 2 0.043105 0.031117 0.012601 0.008011 0.005856 0.005196 0.004329 0.004412 0.004506 0.004321 0.004027 0.004231 0.004401 0.006041 0.004046 0.004572 0.003324 0.003929 0.003062 0.003835 0.004249 0.006125 0.010602 0.031937 0.037317 0.744849
P_00098 2 0.040936 0.031758 0.012327 0.007808 0.005599 0.004864 0.00425 0.003945 0.003912 0.004266 0.00456 0.004625 0.004873 0.005794 0.004625 0.004316 0.003868 0.004227 0.003804 0.004694 0.00522 0.007299 0.012254 0.033125 0.039321 0.737727
P_00098 2 0.032364 0.028458 0.011219 0.007302 0.005407 0.004783 0.003732 0.005061 0.005223 0.007129 0.007499 0.014108 0.020128 0.028192 0.006771 0.011115 0.004714 0.012606 0.004125 0.006736 0.004171 0.007788 0.01026 0.031058 0.0339 0.686151
P_00101 5 0.027501 0.026149 0.009588 0.005662 0.004744 0.004445 0.005019 0.005739 0.006916 0.008307 0.01039 0.012163 0.012165 0.012723 0.010331 0.009105 0.007006 0.006154 0.004924 0.004662 0.004619 0.005553 0.009012 0.026055 0.035572 0.725498
P_00101 5 0.025569 0.023884 0.008095 0.004768 0.003739 0.003611 0.003898 0.00441 0.00517 0.006746 0.008246 0.009158 0.009747 0.010001 0.008506 0.007083 0.005629 0.004843 0.003744 0.003474 0.003623 0.004558 0.00713 0.02104 0.171935 0.631392
P_00105 4 0.031554 0.025101 0.013349 0.009092 0.007923 0.007923 0.008081 0.009519 0.011089 0.011895 0.013844 0.015213 0.016272 0.017194 0.013828 0.012595 0.009119 0.008903 0.006864 0.007264 0.007032 0.00935 0.012774 0.021751 0.026555 0.665917
P_00105 4 0.036912 0.029097 0.015271 0.009903 0.007311 0.006244 0.006362 0.00655 0.006925 0.007644 0.008412 0.008909 0.008843 0.009868 0.008273 0.007981 0.006209 0.00646 0.005306 0.005723 0.005844 0.008475 0.012766 0.028236 0.033684 0.70279
P_00106 2 0.034138 0.033103 0.012529 0.006264 0.004598 0.003793 0.004655 0.006609 0.010575 0.011264 0.011379 0.011609 0.015345 0.014713 0.008793 0.009195 0.004598 0.006724 0.003448 0.003966 0.002184 0.004598 0.006322 0.021552 0.023391 0.724655
P_00106 2 0.024984 0.024752 0.009939 0.006265 0.004796 0.006188 0.006961 0.010287 0.013691 0.014309 0.017017 0.020265 0.020729 0.022044 0.015392 0.010635 0.006691 0.005453 0.00379 0.003751 0.002901 0.002669 0.005144 0.01516 0.14089 0.585296
P_00112 2 0.036235 0.033405 0.013787 0.007343 0.005679 0.004188 0.005048 0.0048 0.005966 0.007381 0.011377 0.019963 0.013691 0.009828 0.007324 0.006348 0.004494 0.00522 0.003308 0.004513 0.004647 0.006788 0.009828 0.026541 0.029543 0.712756
P_00112 2 0.037721 0.033167 0.01456 0.009501 0.007336 0.006746 0.0052 0.005734 0.004947 0.005678 0.009613 0.015656 0.009894 0.009023 0.005453 0.006381 0.003907 0.004947 0.003738 0.005172 0.003626 0.005453 0.009304 0.026871 0.03016 0.720212
P_00112 2 0.036111 0.033904 0.01337 0.010427 0.008348 0.006845 0.006365 0.004926 0.005277 0.006429 0.013593 0.01564 0.009819 0.011451 0.006397 0.00806 0.005661 0.006493 0.004446 0.005373 0.005245 0.006333 0.008636 0.02498 0.026835 0.709036
P_00112 2 0.038259 0.034621 0.013598 0.007718 0.006138 0.005476 0.005513 0.005844 0.007498 0.011651 0.017237 0.013121 0.008233 0.01143 0.006211 0.006983 0.004704 0.004447 0.003381 0.003124 0.003087 0.006064 0.008857 0.02569 0.028079 0.713036
P_00112 2 0.033719 0.030248 0.012506 0.009405 0.007167 0.00536 0.005627 0.006078 0.006284 0.008769 0.011479 0.010945 0.008994 0.011726 0.007352 0.00692 0.004641 0.005442 0.003203 0.003758 0.003203 0.005113 0.008378 0.025956 0.0284 0.729326
P_00112 2 0.039572 0.035216 0.014421 0.00995 0.006397 0.005686 0.004883 0.005159 0.005869 0.006442 0.0105 0.0152 0.010478 0.009881 0.006121 0.007199 0.00415 0.006053 0.004585 0.005457 0.004838 0.006213 0.010592 0.025953 0.030493 0.708692
P_00112 2 0.025273 0.023836 0.011032 0.007555 0.007923 0.01023 0.00936 0.009594 0.013339 0.013907 0.02056 0.022733 0.020961 0.024204 0.014977 0.010831 0.007355 0.006051 0.003911 0.004012 0.003644 0.004346 0.006185 0.017685 0.017183 0.683315
P_00112 2 0.032376 0.028175 0.015391 0.013858 0.009259 0.008125 0.008002 0.009719 0.010731 0.01208 0.01766 0.029831 0.020603 0.014042 0.00978 0.009811 0.007665 0.008738 0.005457 0.005212 0.00512 0.007082 0.00929 0.02186 0.024956 0.65518
P_00112 2 0.03664 0.027413 0.014977 0.012068 0.011199 0.010263 0.009628 0.009294 0.010631 0.013673 0.021095 0.022666 0.013406 0.012871 0.010664 0.009895 0.007488 0.008424 0.006586 0.007188 0.006352 0.007221 0.00926 0.022097 0.027948 0.651055
P_00112 2 0.035384 0.03074 0.012429 0.00748 0.00592 0.006053 0.005044 0.005501 0.006433 0.008965 0.010412 0.011363 0.008127 0.009898 0.00651 0.006586 0.004739 0.005291 0.003788 0.004587 0.004397 0.005881 0.010316 0.026514 0.02876 0.728882
P_00112 2 0.028483 0.030431 0.014113 0.00985 0.005623 0.00566 0.005219 0.007681 0.008086 0.011945 0.016024 0.016465 0.012128 0.012643 0.009262 0.008416 0.006909 0.007424 0.004631 0.004594 0.003712 0.005476 0.008784 0.019699 0.023669 0.713073
P_00112 2 0.030279 0.030526 0.009779 0.006527 0.00637 0.006011 0.006392 0.007088 0.009218 0.011013 0.016037 0.02281 0.019289 0.013682 0.008052 0.008231 0.00554 0.005473 0.003185 0.004194 0.003723 0.004867 0.007491 0.022945 0.023977 0.707301
P_00112 2 0.035658 0.03179 0.011216 0.007348 0.004834 0.004873 0.005453 0.006613 0.008431 0.011989 0.013613 0.015392 0.01547 0.012917 0.00758 0.007271 0.00437 0.006149 0.002978 0.003597 0.003326 0.004641 0.006227 0.02305 0.026956 0.718258
P_00112 2 0.031395 0.029954 0.010853 0.007695 0.007358 0.00791 0.007879 0.006868 0.008063 0.010761 0.017169 0.017353 0.012325 0.013183 0.007235 0.008922 0.004384 0.006162 0.004108 0.004323 0.004629 0.005488 0.008155 0.024251 0.025171 0.708404
P_00112 2 0.034944 0.034542 0.014861 0.010443 0.00719 0.005985 0.005222 0.005061 0.005944 0.007993 0.015223 0.020243 0.013857 0.013616 0.008033 0.008033 0.004499 0.006989 0.003213 0.003976 0.004458 0.00486 0.008354 0.023376 0.026951 0.702133
P_00112 2 0.041258 0.039198 0.011006 0.004731 0.002832 0.003186 0.002607 0.002446 0.003379 0.005439 0.008818 0.00737 0.005471 0.008432 0.003669 0.005664 0.003122 0.004988 0.001931 0.003122 0.003025 0.005889 0.008496 0.027773 0.031571 0.754578
P_00112 2 0.032465 0.032409 0.016584 0.010541 0.006971 0.006999 0.006577 0.007027 0.008742 0.011046 0.013408 0.016218 0.01248 0.014307 0.009641 0.009753 0.007027 0.008573 0.006043 0.007083 0.005678 0.007083 0.010175 0.02302 0.024679 0.685471
P_00112 2 0.030569 0.024439 0.013924 0.013397 0.009621 0.010352 0.011692 0.012179 0.015183 0.024439 0.031462 0.03544 0.035927 0.034872 0.023383 0.0177 0.012625 0.010514 0.007794 0.007754 0.007226 0.007876 0.009662 0.017375 0.021313 0.553282
P_00112 2 0.030445 0.028887 0.012666 0.009144 0.00894 0.008128 0.008771 0.010498 0.012259 0.014054 0.017271 0.012496 0.011074 0.012056 0.00894 0.008771 0.00701 0.0085 0.005452 0.005893 0.005181 0.006705 0.008568 0.020387 0.024078 0.693826
P_00112 2 0.030609 0.026931 0.011291 0.00902 0.008316 0.008348 0.007644 0.008636 0.012474 0.017656 0.029138 0.027219 0.025396 0.024372 0.019958 0.017528 0.012282 0.010971 0.006269 0.005725 0.005597 0.006269 0.008252 0.019063 0.019958 0.621078
P_00112 2 0.038874 0.033064 0.013841 0.007775 0.00628 0.006066 0.008117 0.007946 0.01179 0.016447 0.015336 0.013328 0.013798 0.01226 0.007903 0.009142 0.005639 0.006963 0.003631 0.00581 0.004485 0.007049 0.010851 0.023709 0.024606 0.685292
P_00112 2 0.028797 0.02765 0.011756 0.009503 0.006738 0.006022 0.006759 0.007353 0.009954 0.010917 0.015853 0.022816 0.019089 0.015381 0.009565 0.009032 0.005653 0.006001 0.004055 0.004301 0.00383 0.004875 0.007599 0.02169 0.058556 0.666257
P_00112 2 0.038322 0.034584 0.015759 0.009412 0.007315 0.006051 0.005136 0.004706 0.005621 0.006911 0.010246 0.014253 0.011053 0.01151 0.007611 0.008955 0.005647 0.005943 0.005136 0.005701 0.006132 0.007449 0.010354 0.024768 0.029528 0.701896
P_00121 4 0.043586 0.036255 0.012404 0.006735 0.004893 0.004767 0.004008 0.003051 0.003033 0.002871 0.002979 0.002907 0.00316 0.004279 0.002853 0.003557 0.00269 0.003449 0.002654 0.002817 0.003304 0.004478 0.009822 0.029304 0.033475 0.76667
P_00121 4 0.039723 0.031646 0.014606 0.010438 0.006971 0.006067 0.00603 0.006602 0.006953 0.007155 0.008446 0.009608 0.010788 0.010493 0.009405 0.009756 0.006491 0.007524 0.005071 0.006399 0.005127 0.007598 0.01136 0.025265 0.032863 0.697612
P_00123 4 0.035165 0.033651 0.010077 0.006252 0.00407 0.003207 0.003549 0.003077 0.003109 0.003761 0.003891 0.004998 0.004851 0.007082 0.004135 0.004591 0.002979 0.003793 0.002019 0.002442 0.002556 0.004689 0.008319 0.027757 0.028864 0.781115
P_00123 4 0.034356 0.032152 0.010233 0.005861 0.004174 0.004027 0.004224 0.004137 0.004113 0.004642 0.0058 0.005492 0.005788 0.007216 0.005677 0.0058 0.00383 0.004716 0.003054 0.003682 0.003399 0.00548 0.00841 0.026487 0.028457 0.768794
P_00129 4 0.044767 0.038292 0.009762 0.005077 0.003373 0.002841 0.002137 0.002088 0.002318 0.002264 0.001952 0.002286 0.002615 0.003504 0.00202 0.002381 0.001375 0.0023 0.001326 0.002133 0.002237 0.004189 0.008973 0.036966 0.040312 0.772511
P_00129 4 0.040708 0.03431 0.012148 0.007275 0.004995 0.004036 0.003918 0.003928 0.004163 0.0045 0.004918 0.005602 0.005719 0.006546 0.004592 0.004653 0.003194 0.003755 0.002872 0.00375 0.004 0.005627 0.009729 0.032025 0.036004 0.747032
P_00136 5 0.037949 0.029047 0.015633 0.010719 0.008262 0.007524 0.006676 0.005634 0.006225 0.006634 0.007079 0.007719 0.008432 0.009957 0.007402 0.008054 0.006609 0.006719 0.005939 0.006 0.006372 0.007658 0.01131 0.025883 0.029822 0.710741
P_00136 5 0.036414 0.029712 0.012656 0.008343 0.006769 0.00583 0.005944 0.006134 0.006703 0.006238 0.007243 0.007366 0.007859 0.009452 0.00748 0.007888 0.006636 0.007053 0.005413 0.00584 0.005091 0.007072 0.009784 0.025976 0.030328 0.724775
P_00136 5 0.040081 0.02836 0.014518 0.009898 0.008254 0.006879 0.006196 0.006921 0.007508 0.00844 0.009221 0.009718 0.010561 0.011783 0.009621 0.009615 0.008233 0.007826 0.006983 0.007342 0.007024 0.007757 0.011479 0.025535 0.028982 0.691265
P_00151 4 0.033629 0.027303 0.01426 0.009319 0.007305 0.006507 0.006235 0.006839 0.007556 0.008578 0.009753 0.010827 0.011264 0.011762 0.010098 0.009244 0.008154 0.007707 0.006643 0.006592 0.006717 0.00909 0.01442 0.028427 0.035656 0.686113
P_00157 4 0.032599 0.028744 0.010884 0.007334 0.005541 0.00572 0.005451 0.007083 0.007621 0.009701 0.01101 0.012731 0.013664 0.015098 0.010866 0.008195 0.005433 0.00511 0.003586 0.003801 0.003353 0.005433 0.008302 0.024046 0.026108 0.722588
P_00157 4 0.035426 0.030669 0.014108 0.009922 0.00769 0.006067 0.006399 0.007303 0.00686 0.007672 0.008926 0.010069 0.009977 0.012688 0.009036 0.008557 0.00592 0.007118 0.003781 0.005219 0.004057 0.005846 0.008834 0.024195 0.028511 0.71515
P_00157 4 0.020057 0.018529 0.00819 0.004823 0.005229 0.006614 0.010172 0.014565 0.020487 0.027793 0.03307 0.039588 0.037559 0.038848 0.029393 0.021012 0.016236 0.01392 0.007999 0.006232 0.004608 0.004632 0.005993 0.01318 0.013037 0.578234
P_00157 4 0.022005 0.023509 0.010555 0.007324 0.007261 0.006301 0.008924 0.009595 0.012954 0.014521 0.017112 0.019447 0.022805 0.022453 0.016792 0.014489 0.009372 0.008476 0.005693 0.004862 0.004286 0.005309 0.006333 0.015864 0.017112 0.686646
P_00157 4 0.030222 0.028862 0.012113 0.009054 0.006057 0.006922 0.006953 0.007756 0.008467 0.009703 0.009518 0.009672 0.009085 0.012021 0.008405 0.007509 0.006891 0.007633 0.0055 0.005779 0.004975 0.005377 0.007478 0.021291 0.021847 0.730911
P_00159 4 0.03411 0.03236 0.011872 0.007082 0.005025 0.004708 0.00481 0.005291 0.005987 0.00612 0.006826 0.008095 0.008116 0.008965 0.006345 0.006069 0.00437 0.005025 0.003213 0.004053 0.003756 0.005322 0.008771 0.026588 0.030528 0.746595
P_00159 4 0.040563 0.035849 0.010072 0.004903 0.003535 0.002993 0.002787 0.002443 0.00289 0.002649 0.003053 0.003036 0.003114 0.004825 0.002752 0.002993 0.001935 0.002907 0.001643 0.0024 0.002081 0.003681 0.008764 0.033355 0.036288 0.778489
P_00161 4 0.032788 0.027679 0.014195 0.009226 0.007161 0.006228 0.005954 0.00624 0.00722 0.008509 0.010474 0.012752 0.013919 0.013682 0.011149 0.009205 0.007363 0.006493 0.005843 0.005934 0.006418 0.00817 0.01327 0.027436 0.032282 0.690411
P_00162 4 0.041777 0.030855 0.01845 0.012532 0.010527 0.008602 0.00786 0.007655 0.008365 0.009485 0.012184 0.014157 0.015941 0.015893 0.010022 0.00887 0.005777 0.006313 0.004403 0.004782 0.006076 0.007891 0.014157 0.02721 0.033791 0.656424
P_00162 4 0.037133 0.027939 0.017473 0.012314 0.009106 0.007569 0.007051 0.007273 0.009002 0.011397 0.013053 0.0153 0.017281 0.017207 0.012329 0.010629 0.006889 0.007362 0.005691 0.007184 0.007465 0.009623 0.014915 0.023208 0.029151 0.656457
P_00179 4 0.030473 0.024412 0.014806 0.009905 0.008258 0.008049 0.008063 0.008849 0.009947 0.011462 0.013784 0.015153 0.016509 0.01817 0.013554 0.01215 0.00912 0.008605 0.007299 0.006527 0.006749 0.008487 0.012303 0.022035 0.027025 0.668307
P_00179 4 0.030839 0.026408 0.013848 0.008704 0.006454 0.00599 0.006657 0.007807 0.008974 0.010594 0.013467 0.015433 0.016786 0.016794 0.013556 0.011383 0.008831 0.008147 0.006505 0.006276 0.006527 0.00818 0.012131 0.025833 0.030888 0.672988
P_00181 4 0.036488 0.027946 0.017992 0.012051 0.009145 0.007938 0.00759 0.007509 0.008337 0.008965 0.010744 0.011373 0.01202 0.012779 0.009512 0.009898 0.00777 0.007826 0.006551 0.006738 0.007752 0.009264 0.015497 0.025912 0.032295 0.670107
P_00181 4 0.030677 0.023372 0.014026 0.009727 0.007351 0.006504 0.006911 0.008276 0.010856 0.015444 0.021383 0.027126 0.029981 0.030526 0.023005 0.0178 0.012772 0.010049 0.007495 0.006747 0.006366 0.007587 0.010981 0.020458 0.024724 0.609854
P_00182 0 0.031571 0.026402 0.016031 0.010054 0.007491 0.007027 0.007152 0.007956 0.009726 0.012212 0.014649 0.017173 0.018567 0.018922 0.014015 0.012021 0.008901 0.007939 0.005994 0.006169 0.006786 0.009016 0.012551 0.023965 0.028451 0.659261
P_00182 0 0.03689 0.029877 0.015211 0.010296 0.007355 0.005959 0.005365 0.005222 0.006368 0.007447 0.00912 0.009931 0.010145 0.011276 0.008921 0.007956 0.005947 0.00622 0.005177 0.006099 0.00622 0.008807 0.013903 0.029299 0.034889 0.696102
P_00183 4 0.038717 0.036682 0.011524 0.005741 0.003841 0.002887 0.002389 0.002448 0.002322 0.002153 0.002398 0.002558 0.002786 0.004196 0.002887 0.003622 0.002516 0.003343 0.002178 0.002769 0.003166 0.004762 0.009295 0.031955 0.034032 0.778833
P_00185 4 0.03286 0.025249 0.015715 0.01162 0.010517 0.009152 0.009206 0.009741 0.010615 0.01293 0.013509 0.016337 0.015344 0.01755 0.013454 0.013116 0.010156 0.009403 0.007306 0.006924 0.006804 0.008737 0.012275 0.023043 0.026603 0.651836
P_00185 4 0.033473 0.027525 0.012248 0.008386 0.006624 0.006991 0.007625 0.00926 0.009753 0.01136 0.015094 0.015461 0.015658 0.01766 0.013135 0.011909 0.008809 0.009105 0.00654 0.006074 0.005031 0.00685 0.009485 0.021211 0.026299 0.678435
P_00188 5 0.038567 0.029794 0.014106 0.010479 0.008234 0.006894 0.005782 0.005471 0.005361 0.005699 0.006107 0.006687 0.006272 0.007543 0.005561 0.006307 0.004628 0.005209 0.003723 0.004083 0.004262 0.006362 0.010065 0.028488 0.031245 0.73307
P_00189 4 0.027924 0.023499 0.014312 0.00915 0.008652 0.008327 0.008474 0.010816 0.011725 0.013612 0.015934 0.017796 0.019296 0.019296 0.015603 0.013415 0.011258 0.009875 0.008112 0.008339 0.007135 0.008579 0.011872 0.021729 0.02439 0.65088
P_00189 4 0.023105 0.025136 0.010672 0.005996 0.004653 0.005159 0.005224 0.005766 0.006025 0.007421 0.01079 0.011755 0.014518 0.013852 0.010483 0.009111 0.006084 0.006861 0.005077 0.00546 0.004028 0.00543 0.011573 0.021297 0.023641 0.740884
P_00196 3 0.054174 0.038811 0.016647 0.008133 0.006231 0.003092 0.002521 0.002568 0.002093 0.002045 0.001807 0.001617 0.001902 0.006516 0.001807 0.00566 0.001094 0.004328 0.001902 0.003187 0.002996 0.006468 0.011415 0.031867 0.036385 0.744732
P_00196 3 0.051034 0.041902 0.018312 0.010273 0.006326 0.004471 0.003044 0.003995 0.002806 0.001998 0.002045 0.003044 0.003662 0.007943 0.002378 0.006183 0.003948 0.004899 0.002188 0.00352 0.00352 0.006088 0.010939 0.028062 0.031344 0.736076
P_00197 4 0.03762 0.033667 0.011693 0.00646 0.004512 0.003688 0.003186 0.003153 0.00316 0.003457 0.00382 0.004114 0.004273 0.004785 0.00365 0.003673 0.002807 0.003137 0.002638 0.003052 0.003515 0.005249 0.010258 0.033034 0.036682 0.764717
P_00197 4 0.036226 0.031934 0.011077 0.006597 0.00505 0.004682 0.004485 0.004323 0.004674 0.005278 0.005686 0.006376 0.006368 0.007232 0.00529 0.005529 0.004156 0.004291 0.003263 0.003393 0.003719 0.005543 0.010009 0.031394 0.035595 0.74783
P_00201 4 0.024368 0.020859 0.010271 0.007462 0.006559 0.0065 0.006973 0.008371 0.010094 0.012361 0.015267 0.018183 0.019342 0.018919 0.01551 0.01272 0.00965 0.007982 0.006291 0.00599 0.005826 0.006971 0.010051 0.021764 0.097041 0.614672
P_00208 4 0.021399 0.020611 0.007554 0.005002 0.004535 0.004701 0.006086 0.008026 0.011297 0.016499 0.021841 0.028477 0.031583 0.029687 0.021477 0.016042 0.010437 0.008142 0.005751 0.005357 0.004526 0.005308 0.007496 0.020363 0.022512 0.655292
P_00208 4 0.031057 0.028792 0.010098 0.006287 0.005048 0.005034 0.004693 0.005306 0.006172 0.00672 0.007681 0.008468 0.008668 0.009477 0.007159 0.006238 0.00501 0.004506 0.00364 0.003751 0.003849 0.005239 0.008867 0.028041 0.030688 0.749513
P_00208 4 0.027497 0.026045 0.009458 0.006444 0.005187 0.005259 0.005984 0.007077 0.008457 0.009754 0.010819 0.011571 0.01238 0.012716 0.01001 0.009302 0.007389 0.007185 0.005051 0.004899 0.004691 0.005608 0.008858 0.023855 0.025784 0.728719
P_00208 4 0.030168 0.026752 0.010426 0.007117 0.006389 0.006483 0.006649 0.007368 0.008312 0.009444 0.010932 0.012289 0.012953 0.014148 0.01106 0.009941 0.007823 0.006917 0.005483 0.005266 0.005254 0.006087 0.009171 0.024209 0.025914 0.713443
P_00220 4 0.033732 0.025892 0.017317 0.012158 0.010553 0.009317 0.009098 0.00959 0.009728 0.010962 0.012213 0.013349 0.014286 0.015408 0.013435 0.012379 0.010917 0.009797 0.008606 0.008302 0.008642 0.010342 0.014369 0.025091 0.033057 0.641462
P_00220 4 0.031946 0.023916 0.015304 0.011441 0.009617 0.009026 0.008826 0.009342 0.011307 0.013558 0.016066 0.01868 0.020561 0.020491 0.016754 0.013575 0.011024 0.009669 0.00786 0.007974 0.008016 0.009267 0.013025 0.023341 0.029524 0.629889
P_00224 4 0.042477 0.038284 0.011341 0.006188 0.003966 0.003351 0.002787 0.002905 0.002602 0.003014 0.003006 0.00309 0.003242 0.004319 0.002408 0.003427 0.002231 0.00288 0.001541 0.002762 0.002273 0.00442 0.008554 0.033595 0.038124 0.767212
P_00224 4 0.031814 0.028418 0.012472 0.009178 0.007132 0.006805 0.007081 0.007016 0.007843 0.008917 0.010484 0.011862 0.012501 0.012573 0.010455 0.009693 0.007415 0.007487 0.00571 0.005768 0.005848 0.006987 0.009446 0.023913 0.02794 0.705245
P_00232 4 0.027532 0.022217 0.012504 0.007369 0.006475 0.005605 0.006364 0.008708 0.010651 0.011343 0.013598 0.03097 0.047494 0.065401 0.013263 0.019359 0.008239 0.025053 0.007703 0.01534 0.006766 0.016032 0.012705 0.023847 0.038875 0.536586
P_00232 4 0.03017 0.021966 0.014287 0.010814 0.010025 0.010945 0.013179 0.015902 0.018737 0.022566 0.025326 0.03002 0.030226 0.03186 0.025157 0.020745 0.015789 0.013912 0.008767 0.008167 0.008129 0.008561 0.009349 0.016878 0.021947 0.556576
