0 5 0.0256 0.0237 0.0099 0.0064 0.0054 0.0052 0.0054 0.0064 0.0077 0.0096 0.0116 0.0142 0.0148 0.0159 0.0125 0.0107 0.0087 0.0080 0.0062 0.0062 0.0062 0.0075 0.0111 0.0272 0.0323 0.7016 
0 4 0.0266 0.0243 0.0101 0.0066 0.0053 0.0050 0.0051 0.0061 0.0073 0.0091 0.0108 0.0134 0.0146 0.0155 0.0118 0.0101 0.0080 0.0070 0.0058 0.0056 0.0056 0.0072 0.0112 0.0281 0.0328 0.7068 
0 4 0.0276 0.0262 0.0099 0.0061 0.0047 0.0044 0.0044 0.0049 0.0055 0.0070 0.0082 0.0098 0.0102 0.0112 0.0087 0.0077 0.0060 0.0055 0.0045 0.0045 0.0045 0.0060 0.0102 0.0294 0.0327 0.7403 
0 5 0.0283 0.0276 0.0083 0.0047 0.0039 0.0039 0.0040 0.0048 0.0055 0.0067 0.0080 0.0094 0.0100 0.0108 0.0084 0.0070 0.0053 0.0049 0.0038 0.0037 0.0034 0.0048 0.0087 0.0312 0.0346 0.7482 
0 5 0.0321 0.0313 0.0081 0.0037 0.0026 0.0024 0.0022 0.0023 0.0026 0.0031 0.0038 0.0042 0.0045 0.0055 0.0039 0.0034 0.0025 0.0024 0.0020 0.0023 0.0025 0.0039 0.0086 0.0356 0.0393 0.7853 
0 5 0.0245 0.0237 0.0083 0.0046 0.0034 0.0033 0.0034 0.0039 0.0047 0.0057 0.0072 0.0087 0.0094 0.0095 0.0076 0.0063 0.0048 0.0044 0.0035 0.0035 0.0036 0.0051 0.0090 0.0269 0.1754 0.6298 
0 4 0.0256 0.0246 0.0087 0.0052 0.0043 0.0040 0.0042 0.0051 0.0065 0.0083 0.0106 0.0133 0.0142 0.0151 0.0113 0.0094 0.0070 0.0060 0.0046 0.0044 0.0044 0.0055 0.0092 0.0276 0.0305 0.7306 
0 4 0.0296 0.0282 0.0066 0.0037 0.0029 0.0029 0.0031 0.0042 0.0056 0.0075 0.0102 0.0132 0.0152 0.0146 0.0106 0.0083 0.0058 0.0049 0.0034 0.0031 0.0030 0.0041 0.0072 0.0335 0.0388 0.7298 
0 5 0.0277 0.0265 0.0080 0.0044 0.0034 0.0034 0.0037 0.0049 0.0063 0.0087 0.0118 0.0143 0.0154 0.0155 0.0118 0.0094 0.0066 0.0057 0.0039 0.0037 0.0034 0.0046 0.0083 0.0299 0.0340 0.7248 
0 5 0.0275 0.0264 0.0076 0.0047 0.0036 0.0037 0.0040 0.0052 0.0068 0.0090 0.0119 0.0144 0.0153 0.0158 0.0122 0.0096 0.0068 0.0055 0.0039 0.0036 0.0034 0.0046 0.0081 0.0300 0.0339 0.7227 
0 4 0.0280 0.0275 0.0091 0.0052 0.0037 0.0032 0.0030 0.0033 0.0035 0.0040 0.0042 0.0048 0.0049 0.0057 0.0044 0.0043 0.0037 0.0039 0.0034 0.0037 0.0042 0.0064 0.0114 0.0328 0.0781 0.7335 
0 4 0.0300 0.0277 0.0104 0.0064 0.0050 0.0045 0.0043 0.0045 0.0050 0.0056 0.0063 0.0072 0.0076 0.0088 0.0065 0.0060 0.0051 0.0050 0.0043 0.0044 0.0048 0.0066 0.0111 0.0314 0.0359 0.7456 
0 4 0.0284 0.0267 0.0075 0.0040 0.0031 0.0030 0.0032 0.0042 0.0057 0.0088 0.0123 0.0164 0.0178 0.0177 0.0121 0.0089 0.0058 0.0047 0.0034 0.0032 0.0033 0.0044 0.0083 0.0309 0.0363 0.7202 
0 4 0.0172 0.0175 0.0055 0.0032 0.0025 0.0024 0.0024 0.0032 0.0039 0.0056 0.0074 0.0108 0.0129 0.0137 0.0081 0.0068 0.0044 0.0037 0.0028 0.0025 0.0026 0.0035 0.0060 0.0194 0.3423 0.4896 
0 4 0.0246 0.0236 0.0091 0.0057 0.0044 0.0045 0.0049 0.0060 0.0071 0.0091 0.0112 0.0136 0.0146 0.0155 0.0120 0.0102 0.0077 0.0066 0.0051 0.0048 0.0048 0.0063 0.0103 0.0279 0.0307 0.7197 
0 4 0.0157 0.0157 0.0053 0.0031 0.0023 0.0022 0.0022 0.0028 0.0032 0.0044 0.0058 0.0086 0.0114 0.0106 0.0066 0.0049 0.0034 0.0035 0.0023 0.0023 0.0024 0.0033 0.0060 0.0184 0.3970 0.4566 
0 5 0.0298 0.0277 0.0096 0.0056 0.0040 0.0036 0.0034 0.0039 0.0047 0.0058 0.0068 0.0084 0.0090 0.0100 0.0074 0.0065 0.0049 0.0047 0.0037 0.0039 0.0042 0.0061 0.0110 0.0331 0.0391 0.7430 
0 5 0.0264 0.0254 0.0107 0.0070 0.0054 0.0048 0.0046 0.0055 0.0066 0.0084 0.0103 0.0126 0.0140 0.0150 0.0115 0.0095 0.0071 0.0063 0.0046 0.0047 0.0048 0.0065 0.0110 0.0299 0.0344 0.7131 
0 5 0.0206 0.0192 0.0075 0.0043 0.0032 0.0030 0.0029 0.0034 0.0037 0.0046 0.0051 0.0061 0.0064 0.0066 0.0052 0.0045 0.0037 0.0035 0.0028 0.0031 0.0034 0.0047 0.0080 0.0222 0.3342 0.5080 
0 5 0.0290 0.0264 0.0103 0.0067 0.0054 0.0051 0.0053 0.0061 0.0069 0.0081 0.0093 0.0109 0.0112 0.0115 0.0097 0.0088 0.0071 0.0064 0.0055 0.0055 0.0056 0.0073 0.0113 0.0298 0.0346 0.7161 
0 5 0.0175 0.0165 0.0067 0.0044 0.0035 0.0033 0.0034 0.0040 0.0047 0.0060 0.0073 0.0091 0.0093 0.0094 0.0076 0.0064 0.0052 0.0047 0.0036 0.0037 0.0038 0.0047 0.0072 0.0181 0.3681 0.4619 
0 5 0.0336 0.0312 0.0091 0.0050 0.0035 0.0030 0.0028 0.0030 0.0032 0.0037 0.0044 0.0051 0.0054 0.0061 0.0046 0.0042 0.0033 0.0033 0.0026 0.0030 0.0033 0.0050 0.0097 0.0358 0.0411 0.7651 
0 5 0.0339 0.0302 0.0101 0.0053 0.0036 0.0028 0.0025 0.0025 0.0026 0.0029 0.0029 0.0036 0.0036 0.0042 0.0030 0.0029 0.0025 0.0028 0.0024 0.0030 0.0034 0.0055 0.0106 0.0355 0.1017 0.7161 
0 5 0.0315 0.0286 0.0107 0.0063 0.0043 0.0037 0.0033 0.0034 0.0038 0.0044 0.0050 0.0065 0.0073 0.0074 0.0050 0.0045 0.0035 0.0034 0.0030 0.0033 0.0039 0.0056 0.0106 0.0335 0.0995 0.6981 
0 5 0.0234 0.0220 0.0069 0.0040 0.0029 0.0027 0.0026 0.0029 0.0039 0.0052 0.0071 0.0088 0.0098 0.0095 0.0072 0.0058 0.0041 0.0038 0.0029 0.0030 0.0032 0.0043 0.0073 0.0248 0.2689 0.5529 
0 5 0.0212 0.0203 0.0070 0.0041 0.0028 0.0026 0.0024 0.0027 0.0031 0.0038 0.0041 0.0062 0.0070 0.0075 0.0045 0.0042 0.0034 0.0033 0.0028 0.0030 0.0033 0.0045 0.0082 0.0237 0.3188 0.5257 
0 5 0.0323 0.0297 0.0101 0.0060 0.0046 0.0040 0.0041 0.0045 0.0051 0.0060 0.0067 0.0077 0.0083 0.0089 0.0068 0.0061 0.0047 0.0046 0.0036 0.0038 0.0040 0.0058 0.0102 0.0332 0.0390 0.7405 
0 5 0.0321 0.0295 0.0099 0.0061 0.0047 0.0043 0.0041 0.0044 0.0047 0.0055 0.0065 0.0072 0.0077 0.0081 0.0064 0.0057 0.0046 0.0043 0.0035 0.0036 0.0038 0.0055 0.0103 0.0339 0.0398 0.7439 
0 4 0.0273 0.0265 0.0075 0.0041 0.0030 0.0029 0.0030 0.0038 0.0047 0.0062 0.0084 0.0108 0.0121 0.0124 0.0092 0.0076 0.0054 0.0046 0.0034 0.0035 0.0034 0.0048 0.0089 0.0320 0.0357 0.7489 
0 4 0.0226 0.0229 0.0063 0.0037 0.0027 0.0027 0.0031 0.0042 0.0060 0.0085 0.0119 0.0158 0.0174 0.0179 0.0133 0.0101 0.0068 0.0054 0.0038 0.0037 0.0035 0.0053 0.0102 0.0334 0.0407 0.7183 
0 5 0.0276 0.0251 0.0085 0.0047 0.0032 0.0026 0.0022 0.0023 0.0025 0.0028 0.0034 0.0061 0.0127 0.0113 0.0043 0.0037 0.0028 0.0030 0.0024 0.0029 0.0032 0.0050 0.0096 0.0302 0.2101 0.6077 
0 5 0.0364 0.0330 0.0105 0.0055 0.0035 0.0029 0.0024 0.0024 0.0025 0.0026 0.0028 0.0032 0.0032 0.0042 0.0030 0.0030 0.0024 0.0027 0.0022 0.0029 0.0035 0.0056 0.0114 0.0379 0.0448 0.7656 
0 2 0.0317 0.0299 0.0091 0.0051 0.0034 0.0028 0.0026 0.0028 0.0031 0.0040 0.0049 0.0065 0.0071 0.0076 0.0053 0.0045 0.0031 0.0030 0.0023 0.0026 0.0028 0.0045 0.0089 0.0335 0.0974 0.7115 
0 2 0.0339 0.0322 0.0090 0.0046 0.0031 0.0026 0.0025 0.0028 0.0033 0.0038 0.0046 0.0055 0.0059 0.0065 0.0048 0.0041 0.0032 0.0030 0.0022 0.0025 0.0027 0.0042 0.0087 0.0362 0.0413 0.7667 
0 5 0.0124 0.0127 0.0044 0.0025 0.0018 0.0016 0.0016 0.0019 0.0022 0.0029 0.0037 0.0049 0.0052 0.0057 0.0043 0.0035 0.0026 0.0024 0.0018 0.0020 0.0020 0.0031 0.0060 0.0175 0.5177 0.3734 
0 5 0.0244 0.0245 0.0078 0.0045 0.0033 0.0030 0.0028 0.0032 0.0036 0.0041 0.0045 0.0052 0.0053 0.0063 0.0052 0.0049 0.0040 0.0043 0.0033 0.0036 0.0038 0.0053 0.0094 0.0300 0.1541 0.6696 
0 5 0.0314 0.0286 0.0103 0.0065 0.0049 0.0045 0.0044 0.0045 0.0052 0.0058 0.0068 0.0072 0.0073 0.0078 0.0063 0.0057 0.0048 0.0047 0.0039 0.0043 0.0049 0.0065 0.0110 0.0317 0.0369 0.7439 
0 5 0.0334 0.0295 0.0118 0.0078 0.0059 0.0049 0.0047 0.0048 0.0050 0.0061 0.0070 0.0074 0.0074 0.0082 0.0063 0.0059 0.0049 0.0050 0.0043 0.0048 0.0054 0.0072 0.0118 0.0324 0.0381 0.7300 
0 3 0.0284 0.0272 0.0090 0.0051 0.0038 0.0037 0.0038 0.0045 0.0055 0.0067 0.0081 0.0096 0.0102 0.0109 0.0082 0.0068 0.0053 0.0048 0.0040 0.0040 0.0042 0.0058 0.0102 0.0314 0.0351 0.7437 
0 3 0.0352 0.0334 0.0095 0.0047 0.0029 0.0023 0.0020 0.0021 0.0022 0.0023 0.0026 0.0028 0.0030 0.0037 0.0026 0.0025 0.0021 0.0024 0.0020 0.0024 0.0030 0.0049 0.0106 0.0383 0.0443 0.7763 
0 5 0.0275 0.0255 0.0094 0.0051 0.0034 0.0029 0.0027 0.0029 0.0034 0.0042 0.0049 0.0065 0.0068 0.0075 0.0052 0.0045 0.0035 0.0034 0.0027 0.0031 0.0035 0.0054 0.0099 0.0294 0.1772 0.6398 
0 5 0.0287 0.0279 0.0100 0.0056 0.0040 0.0036 0.0036 0.0040 0.0048 0.0061 0.0076 0.0092 0.0103 0.0107 0.0076 0.0065 0.0048 0.0043 0.0036 0.0037 0.0040 0.0059 0.0108 0.0320 0.0369 0.7438 
0 3 0.0282 0.0272 0.0089 0.0051 0.0039 0.0037 0.0038 0.0044 0.0054 0.0067 0.0083 0.0097 0.0100 0.0108 0.0083 0.0070 0.0054 0.0048 0.0038 0.0039 0.0041 0.0059 0.0104 0.0314 0.0357 0.7433 
0 3 0.0310 0.0292 0.0103 0.0061 0.0045 0.0039 0.0038 0.0043 0.0046 0.0053 0.0060 0.0066 0.0070 0.0077 0.0058 0.0055 0.0044 0.0044 0.0036 0.0038 0.0041 0.0058 0.0107 0.0338 0.0393 0.7486 
0 4 0.0281 0.0269 0.0077 0.0042 0.0032 0.0029 0.0030 0.0038 0.0048 0.0063 0.0076 0.0086 0.0090 0.0097 0.0075 0.0065 0.0050 0.0047 0.0035 0.0035 0.0037 0.0053 0.0099 0.0336 0.0393 0.7517 
0 4 0.0314 0.0301 0.0075 0.0041 0.0030 0.0028 0.0027 0.0032 0.0038 0.0049 0.0058 0.0069 0.0072 0.0083 0.0063 0.0053 0.0041 0.0039 0.0031 0.0032 0.0031 0.0046 0.0084 0.0349 0.0396 0.7616 
0 5 0.0356 0.0338 0.0089 0.0037 0.0021 0.0016 0.0014 0.0013 0.0013 0.0016 0.0017 0.0020 0.0022 0.0030 0.0017 0.0019 0.0015 0.0020 0.0014 0.0018 0.0021 0.0039 0.0096 0.0386 0.0446 0.7907 
0 5 0.0301 0.0294 0.0091 0.0048 0.0034 0.0028 0.0027 0.0029 0.0034 0.0042 0.0053 0.0062 0.0066 0.0074 0.0054 0.0047 0.0036 0.0036 0.0028 0.0032 0.0034 0.0052 0.0101 0.0330 0.0372 0.7694 
0 5 0.0356 0.0327 0.0105 0.0053 0.0036 0.0029 0.0028 0.0028 0.0031 0.0038 0.0050 0.0061 0.0067 0.0070 0.0044 0.0039 0.0029 0.0030 0.0022 0.0026 0.0030 0.0049 0.0100 0.0377 0.0447 0.7527 
0 5 0.0345 0.0307 0.0121 0.0071 0.0050 0.0043 0.0040 0.0043 0.0046 0.0055 0.0071 0.0082 0.0089 0.0087 0.0061 0.0053 0.0043 0.0042 0.0037 0.0039 0.0044 0.0063 0.0114 0.0349 0.0413 0.7293 
0 4 0.0259 0.0268 0.0079 0.0037 0.0029 0.0028 0.0027 0.0031 0.0036 0.0044 0.0053 0.0064 0.0072 0.0081 0.0057 0.0049 0.0040 0.0038 0.0030 0.0032 0.0030 0.0048 0.0097 0.0304 0.0321 0.7847 
0 4 0.0317 0.0303 0.0095 0.0051 0.0035 0.0030 0.0028 0.0032 0.0036 0.0044 0.0052 0.0060 0.0066 0.0073 0.0055 0.0049 0.0038 0.0037 0.0030 0.0033 0.0036 0.0052 0.0103 0.0345 0.0390 0.7610 
0 5 0.0260 0.0257 0.0083 0.0048 0.0038 0.0035 0.0039 0.0047 0.0060 0.0082 0.0108 0.0141 0.0163 0.0155 0.0109 0.0085 0.0061 0.0056 0.0041 0.0041 0.0042 0.0055 0.0097 0.0296 0.0343 0.7261 
0 5 0.0316 0.0292 0.0103 0.0057 0.0042 0.0036 0.0035 0.0040 0.0044 0.0052 0.0063 0.0072 0.0076 0.0084 0.0064 0.0057 0.0046 0.0046 0.0035 0.0039 0.0041 0.0060 0.0109 0.0333 0.0388 0.7469 
0 5 0.0280 0.0270 0.0088 0.0050 0.0038 0.0035 0.0036 0.0042 0.0048 0.0059 0.0068 0.0080 0.0084 0.0091 0.0072 0.0064 0.0050 0.0046 0.0034 0.0037 0.0038 0.0053 0.0097 0.0316 0.0359 0.7567 
0 5 0.0280 0.0267 0.0093 0.0059 0.0049 0.0046 0.0047 0.0052 0.0056 0.0069 0.0080 0.0093 0.0099 0.0109 0.0089 0.0077 0.0061 0.0056 0.0043 0.0046 0.0045 0.0058 0.0100 0.0305 0.0349 0.7370 
0 4 0.0230 0.0221 0.0078 0.0045 0.0033 0.0031 0.0032 0.0039 0.0047 0.0060 0.0075 0.0090 0.0098 0.0100 0.0077 0.0066 0.0051 0.0045 0.0037 0.0035 0.0038 0.0052 0.0092 0.0254 0.1888 0.6186 
0 4 0.0279 0.0268 0.0095 0.0057 0.0044 0.0041 0.0042 0.0048 0.0054 0.0069 0.0083 0.0102 0.0118 0.0126 0.0096 0.0077 0.0059 0.0054 0.0042 0.0043 0.0044 0.0060 0.0101 0.0302 0.0343 0.7353 
0 4 0.0347 0.0327 0.0096 0.0047 0.0031 0.0025 0.0021 0.0020 0.0021 0.0024 0.0024 0.0028 0.0029 0.0037 0.0025 0.0025 0.0020 0.0025 0.0020 0.0024 0.0028 0.0044 0.0099 0.0371 0.0428 0.7815 
0 4 0.0299 0.0286 0.0096 0.0051 0.0038 0.0034 0.0031 0.0034 0.0037 0.0044 0.0050 0.0054 0.0060 0.0067 0.0050 0.0046 0.0039 0.0039 0.0032 0.0033 0.0036 0.0053 0.0099 0.0326 0.0366 0.7700 
0 4 0.0327 0.0317 0.0096 0.0049 0.0032 0.0027 0.0026 0.0027 0.0030 0.0036 0.0039 0.0045 0.0047 0.0057 0.0041 0.0038 0.0029 0.0032 0.0024 0.0026 0.0030 0.0047 0.0101 0.0356 0.0407 0.7713 
0 4 0.0281 0.0271 0.0085 0.0047 0.0035 0.0032 0.0033 0.0038 0.0047 0.0058 0.0074 0.0089 0.0095 0.0103 0.0077 0.0066 0.0048 0.0042 0.0031 0.0033 0.0033 0.0049 0.0091 0.0308 0.0342 0.7590 
0 5 0.0351 0.0333 0.0097 0.0048 0.0031 0.0024 0.0020 0.0020 0.0022 0.0023 0.0024 0.0027 0.0028 0.0039 0.0026 0.0027 0.0022 0.0026 0.0020 0.0026 0.0029 0.0049 0.0102 0.0386 0.0450 0.7750 
0 3 0.0236 0.0243 0.0079 0.0048 0.0039 0.0039 0.0039 0.0047 0.0057 0.0075 0.0097 0.0121 0.0134 0.0145 0.0110 0.0087 0.0063 0.0053 0.0041 0.0039 0.0035 0.0047 0.0084 0.0280 0.0298 0.7464 
0 4 0.0276 0.0259 0.0097 0.0058 0.0045 0.0041 0.0043 0.0050 0.0061 0.0075 0.0095 0.0114 0.0118 0.0123 0.0093 0.0080 0.0062 0.0056 0.0048 0.0049 0.0052 0.0069 0.0113 0.0288 0.0334 0.7301 
0 4 0.0316 0.0288 0.0114 0.0068 0.0049 0.0042 0.0039 0.0042 0.0049 0.0058 0.0073 0.0085 0.0089 0.0099 0.0075 0.0065 0.0053 0.0052 0.0042 0.0045 0.0052 0.0069 0.0120 0.0319 0.0365 0.7331 
0 5 0.0279 0.0259 0.0060 0.0027 0.0015 0.0012 0.0009 0.0010 0.0009 0.0010 0.0009 0.0013 0.0013 0.0020 0.0010 0.0011 0.0009 0.0012 0.0008 0.0011 0.0013 0.0026 0.0064 0.0299 0.3289 0.5502 
0 5 0.0330 0.0310 0.0075 0.0033 0.0019 0.0015 0.0014 0.0017 0.0019 0.0025 0.0034 0.0063 0.0089 0.0079 0.0037 0.0026 0.0017 0.0018 0.0012 0.0016 0.0018 0.0033 0.0079 0.0362 0.1208 0.7052 
0 5 0.0318 0.0306 0.0091 0.0049 0.0035 0.0030 0.0029 0.0031 0.0035 0.0039 0.0049 0.0052 0.0050 0.0058 0.0042 0.0040 0.0032 0.0033 0.0028 0.0030 0.0032 0.0048 0.0095 0.0345 0.0386 0.7715 
0 5 0.0286 0.0270 0.0082 0.0048 0.0039 0.0036 0.0039 0.0046 0.0055 0.0069 0.0090 0.0103 0.0109 0.0117 0.0089 0.0076 0.0056 0.0051 0.0037 0.0037 0.0037 0.0051 0.0087 0.0318 0.0361 0.7411 
0 3 0.0304 0.0292 0.0092 0.0050 0.0037 0.0032 0.0031 0.0035 0.0039 0.0045 0.0050 0.0056 0.0058 0.0068 0.0052 0.0048 0.0038 0.0040 0.0030 0.0034 0.0037 0.0056 0.0103 0.0346 0.0398 0.7630 
0 5 0.0300 0.0284 0.0101 0.0058 0.0042 0.0037 0.0034 0.0038 0.0043 0.0054 0.0063 0.0077 0.0082 0.0088 0.0065 0.0054 0.0042 0.0041 0.0033 0.0037 0.0042 0.0061 0.0112 0.0329 0.0375 0.7508 
0 5 0.0284 0.0281 0.0093 0.0052 0.0041 0.0040 0.0039 0.0043 0.0049 0.0059 0.0069 0.0074 0.0078 0.0086 0.0069 0.0063 0.0050 0.0048 0.0041 0.0041 0.0039 0.0056 0.0106 0.0312 0.0352 0.7536 
0 5 0.0269 0.0258 0.0096 0.0060 0.0047 0.0046 0.0044 0.0051 0.0056 0.0069 0.0079 0.0086 0.0091 0.0102 0.0085 0.0078 0.0067 0.0064 0.0055 0.0056 0.0054 0.0072 0.0123 0.0311 0.0366 0.7319 
0 5 0.0354 0.0342 0.0086 0.0039 0.0024 0.0019 0.0017 0.0017 0.0019 0.0022 0.0025 0.0026 0.0027 0.0035 0.0022 0.0021 0.0016 0.0020 0.0014 0.0017 0.0020 0.0036 0.0093 0.0386 0.0451 0.7849 
0 5 0.0370 0.0335 0.0104 0.0055 0.0036 0.0029 0.0024 0.0024 0.0024 0.0025 0.0026 0.0029 0.0030 0.0038 0.0026 0.0028 0.0024 0.0028 0.0023 0.0031 0.0035 0.0056 0.0111 0.0383 0.0448 0.7658 
0 5 0.0343 0.0304 0.0118 0.0072 0.0053 0.0044 0.0039 0.0040 0.0043 0.0045 0.0051 0.0054 0.0057 0.0066 0.0054 0.0050 0.0042 0.0044 0.0040 0.0045 0.0052 0.0075 0.0127 0.0341 0.0416 0.7386 
0 5 0.0173 0.0170 0.0054 0.0033 0.0023 0.0022 0.0020 0.0024 0.0029 0.0037 0.0049 0.0087 0.0129 0.0169 0.0065 0.0054 0.0039 0.0043 0.0028 0.0032 0.0030 0.0048 0.0085 0.0266 0.3245 0.5046 
0 4 0.0177 0.0166 0.0060 0.0037 0.0029 0.0027 0.0025 0.0029 0.0034 0.0041 0.0047 0.0058 0.0061 0.0061 0.0050 0.0043 0.0036 0.0034 0.0028 0.0028 0.0030 0.0038 0.0065 0.0176 0.4156 0.4463 
0 4 0.0363 0.0339 0.0093 0.0042 0.0028 0.0021 0.0018 0.0017 0.0015 0.0017 0.0017 0.0019 0.0021 0.0031 0.0017 0.0019 0.0015 0.0021 0.0016 0.0021 0.0025 0.0043 0.0099 0.0390 0.0451 0.7842 
0 4 0.0296 0.0286 0.0089 0.0046 0.0035 0.0033 0.0030 0.0033 0.0038 0.0048 0.0061 0.0075 0.0083 0.0085 0.0062 0.0049 0.0036 0.0034 0.0027 0.0031 0.0031 0.0046 0.0095 0.0331 0.0366 0.7656 
0 5 0.0273 0.0264 0.0090 0.0053 0.0041 0.0040 0.0041 0.0050 0.0058 0.0073 0.0091 0.0101 0.0103 0.0110 0.0088 0.0074 0.0057 0.0051 0.0041 0.0040 0.0039 0.0054 0.0095 0.0296 0.0326 0.7451 
0 5 0.0263 0.0254 0.0080 0.0047 0.0037 0.0037 0.0039 0.0049 0.0067 0.0090 0.0123 0.0156 0.0175 0.0170 0.0125 0.0093 0.0065 0.0054 0.0039 0.0036 0.0036 0.0048 0.0084 0.0292 0.0345 0.7196 
0 4 0.0255 0.0242 0.0096 0.0065 0.0054 0.0056 0.0059 0.0068 0.0079 0.0095 0.0110 0.0126 0.0129 0.0136 0.0110 0.0098 0.0079 0.0069 0.0059 0.0056 0.0057 0.0069 0.0105 0.0275 0.0310 0.7144 
0 4 0.0291 0.0270 0.0105 0.0066 0.0051 0.0049 0.0049 0.0056 0.0061 0.0069 0.0076 0.0089 0.0090 0.0101 0.0082 0.0078 0.0064 0.0061 0.0052 0.0052 0.0055 0.0071 0.0114 0.0295 0.0345 0.7308 
0 3 0.0270 0.0258 0.0093 0.0057 0.0046 0.0044 0.0045 0.0051 0.0061 0.0071 0.0085 0.0095 0.0099 0.0110 0.0090 0.0081 0.0067 0.0060 0.0050 0.0050 0.0052 0.0065 0.0108 0.0290 0.0329 0.7371 
0 3 0.0261 0.0247 0.0099 0.0065 0.0050 0.0048 0.0051 0.0059 0.0069 0.0082 0.0098 0.0117 0.0125 0.0134 0.0107 0.0094 0.0075 0.0070 0.0056 0.0057 0.0058 0.0073 0.0113 0.0289 0.0337 0.7164 
0 5 0.0331 0.0313 0.0087 0.0050 0.0037 0.0034 0.0032 0.0034 0.0037 0.0042 0.0046 0.0052 0.0057 0.0066 0.0052 0.0048 0.0038 0.0039 0.0031 0.0033 0.0035 0.0050 0.0093 0.0357 0.0419 0.7585 
0 3 0.0296 0.0292 0.0093 0.0049 0.0035 0.0029 0.0030 0.0033 0.0039 0.0047 0.0057 0.0067 0.0072 0.0079 0.0058 0.0052 0.0039 0.0037 0.0031 0.0033 0.0037 0.0055 0.0105 0.0335 0.0383 0.7617 
0 3 0.0285 0.0276 0.0092 0.0052 0.0037 0.0035 0.0035 0.0039 0.0047 0.0056 0.0067 0.0077 0.0082 0.0091 0.0070 0.0064 0.0050 0.0049 0.0040 0.0040 0.0042 0.0056 0.0098 0.0312 0.0346 0.7563 
0 4 0.0278 0.0272 0.0086 0.0048 0.0034 0.0030 0.0031 0.0035 0.0040 0.0046 0.0057 0.0061 0.0066 0.0077 0.0058 0.0054 0.0044 0.0043 0.0034 0.0037 0.0040 0.0060 0.0108 0.0334 0.0384 0.7644 
0 5 0.0211 0.0186 0.0080 0.0056 0.0044 0.0041 0.0042 0.0048 0.0058 0.0076 0.0094 0.0120 0.0131 0.0133 0.0103 0.0087 0.0066 0.0060 0.0049 0.0048 0.0050 0.0062 0.0100 0.0246 0.2104 0.5704 
0 5 0.0154 0.0138 0.0058 0.0040 0.0032 0.0031 0.0033 0.0041 0.0051 0.0069 0.0091 0.0115 0.0131 0.0123 0.0092 0.0075 0.0057 0.0050 0.0038 0.0036 0.0034 0.0044 0.0067 0.0174 0.3977 0.4246 
0 5 0.0186 0.0169 0.0063 0.0041 0.0032 0.0031 0.0028 0.0031 0.0032 0.0038 0.0040 0.0046 0.0046 0.0054 0.0044 0.0040 0.0036 0.0035 0.0028 0.0032 0.0033 0.0048 0.0081 0.0207 0.3964 0.4618 
0 5 0.0249 0.0230 0.0084 0.0054 0.0040 0.0041 0.0039 0.0045 0.0048 0.0057 0.0062 0.0071 0.0076 0.0084 0.0070 0.0066 0.0054 0.0053 0.0044 0.0046 0.0048 0.0069 0.0113 0.0294 0.1392 0.6574 
0 3 0.0308 0.0288 0.0068 0.0039 0.0032 0.0033 0.0037 0.0046 0.0060 0.0080 0.0106 0.0125 0.0134 0.0135 0.0100 0.0081 0.0061 0.0052 0.0037 0.0036 0.0033 0.0043 0.0075 0.0345 0.0426 0.7220 
0 3 0.0275 0.0259 0.0070 0.0045 0.0038 0.0041 0.0050 0.0062 0.0078 0.0102 0.0135 0.0163 0.0170 0.0170 0.0128 0.0104 0.0076 0.0064 0.0047 0.0044 0.0040 0.0051 0.0078 0.0306 0.0365 0.7039 
0 5 0.0280 0.0256 0.0106 0.0071 0.0058 0.0053 0.0054 0.0063 0.0073 0.0087 0.0102 0.0119 0.0123 0.0130 0.0108 0.0096 0.0076 0.0071 0.0059 0.0058 0.0058 0.0073 0.0108 0.0286 0.0333 0.7098 
0 4 0.0201 0.0183 0.0072 0.0047 0.0037 0.0032 0.0031 0.0036 0.0039 0.0045 0.0055 0.0066 0.0066 0.0078 0.0058 0.0052 0.0043 0.0040 0.0034 0.0036 0.0038 0.0053 0.0091 0.0235 0.3112 0.5220 
0 4 0.0285 0.0272 0.0087 0.0053 0.0044 0.0043 0.0043 0.0050 0.0059 0.0075 0.0087 0.0104 0.0111 0.0112 0.0087 0.0072 0.0056 0.0051 0.0040 0.0039 0.0037 0.0053 0.0092 0.0314 0.0373 0.7358 
0 4 0.0290 0.0274 0.0096 0.0057 0.0040 0.0037 0.0035 0.0036 0.0040 0.0046 0.0051 0.0062 0.0063 0.0069 0.0055 0.0051 0.0042 0.0042 0.0035 0.0036 0.0041 0.0058 0.0106 0.0321 0.0956 0.7060 
0 5 0.0298 0.0274 0.0099 0.0062 0.0046 0.0043 0.0042 0.0047 0.0052 0.0064 0.0074 0.0088 0.0092 0.0102 0.0079 0.0071 0.0058 0.0054 0.0044 0.0046 0.0046 0.0064 0.0109 0.0313 0.0354 0.7379 
0 5 0.0282 0.0262 0.0099 0.0063 0.0048 0.0045 0.0046 0.0052 0.0060 0.0070 0.0085 0.0097 0.0099 0.0113 0.0090 0.0080 0.0064 0.0060 0.0049 0.0049 0.0050 0.0067 0.0111 0.0302 0.0347 0.7312 
0 5 0.0336 0.0312 0.0102 0.0058 0.0041 0.0036 0.0034 0.0033 0.0036 0.0040 0.0045 0.0051 0.0053 0.0061 0.0047 0.0043 0.0037 0.0036 0.0030 0.0033 0.0036 0.0053 0.0099 0.0349 0.0404 0.7595 
0 5 0.0311 0.0298 0.0087 0.0049 0.0034 0.0033 0.0032 0.0036 0.0041 0.0049 0.0057 0.0067 0.0071 0.0081 0.0062 0.0055 0.0043 0.0041 0.0032 0.0034 0.0034 0.0050 0.0089 0.0335 0.0382 0.7598 
0 5 0.0245 0.0228 0.0089 0.0063 0.0050 0.0050 0.0050 0.0061 0.0077 0.0099 0.0123 0.0154 0.0169 0.0179 0.0137 0.0112 0.0085 0.0070 0.0054 0.0049 0.0049 0.0061 0.0095 0.0264 0.0627 0.6759 
0 5 0.0274 0.0257 0.0104 0.0069 0.0055 0.0050 0.0052 0.0059 0.0069 0.0088 0.0122 0.0169 0.0207 0.0210 0.0141 0.0102 0.0075 0.0066 0.0052 0.0054 0.0052 0.0066 0.0105 0.0289 0.0343 0.6869 
0 4 0.0232 0.0249 0.0084 0.0043 0.0034 0.0035 0.0036 0.0040 0.0045 0.0061 0.0071 0.0082 0.0089 0.0096 0.0076 0.0067 0.0051 0.0049 0.0042 0.0040 0.0037 0.0052 0.0104 0.0279 0.0292 0.7715 
0 4 0.0262 0.0258 0.0087 0.0051 0.0038 0.0037 0.0037 0.0043 0.0051 0.0067 0.0083 0.0101 0.0107 0.0116 0.0088 0.0077 0.0061 0.0055 0.0042 0.0043 0.0042 0.0056 0.0098 0.0292 0.0312 0.7495 
0 3 0.0316 0.0275 0.0119 0.0085 0.0068 0.0060 0.0056 0.0059 0.0064 0.0073 0.0081 0.0093 0.0098 0.0107 0.0085 0.0079 0.0066 0.0063 0.0055 0.0057 0.0062 0.0082 0.0122 0.0313 0.0386 0.7077 
0 5 0.0278 0.0265 0.0079 0.0046 0.0036 0.0035 0.0035 0.0042 0.0051 0.0069 0.0093 0.0122 0.0135 0.0135 0.0095 0.0073 0.0051 0.0047 0.0035 0.0035 0.0035 0.0049 0.0089 0.0310 0.0348 0.7412 
0 5 0.0261 0.0247 0.0089 0.0053 0.0041 0.0042 0.0044 0.0055 0.0069 0.0091 0.0116 0.0150 0.0173 0.0170 0.0126 0.0098 0.0069 0.0062 0.0046 0.0045 0.0044 0.0057 0.0097 0.0285 0.0324 0.7146 
0 5 0.0292 0.0281 0.0091 0.0051 0.0036 0.0032 0.0032 0.0037 0.0043 0.0051 0.0061 0.0070 0.0073 0.0083 0.0063 0.0058 0.0045 0.0043 0.0033 0.0038 0.0039 0.0059 0.0105 0.0327 0.0381 0.7574 
0 4 0.0191 0.0178 0.0062 0.0045 0.0039 0.0038 0.0042 0.0052 0.0066 0.0086 0.0112 0.0157 0.0180 0.0173 0.0118 0.0095 0.0071 0.0062 0.0047 0.0043 0.0039 0.0046 0.0067 0.0218 0.2785 0.4989 
0 4 0.0243 0.0231 0.0089 0.0062 0.0049 0.0048 0.0047 0.0053 0.0063 0.0075 0.0090 0.0106 0.0112 0.0117 0.0096 0.0085 0.0065 0.0058 0.0049 0.0050 0.0051 0.0064 0.0097 0.0265 0.1433 0.6302 
0 5 0.0245 0.0234 0.0094 0.0064 0.0051 0.0051 0.0053 0.0065 0.0077 0.0099 0.0120 0.0146 0.0159 0.0171 0.0137 0.0117 0.0092 0.0082 0.0066 0.0066 0.0064 0.0076 0.0112 0.0270 0.0312 0.6977 
0 5 0.0253 0.0244 0.0084 0.0055 0.0042 0.0038 0.0040 0.0050 0.0068 0.0094 0.0130 0.0187 0.0209 0.0207 0.0151 0.0113 0.0073 0.0061 0.0046 0.0046 0.0046 0.0062 0.0099 0.0295 0.0347 0.6960 
0 5 0.0237 0.0231 0.0092 0.0062 0.0048 0.0046 0.0052 0.0064 0.0080 0.0108 0.0144 0.0191 0.0219 0.0224 0.0164 0.0122 0.0081 0.0068 0.0052 0.0050 0.0053 0.0066 0.0101 0.0265 0.0298 0.6883 
0 5 0.0289 0.0282 0.0087 0.0050 0.0036 0.0033 0.0034 0.0044 0.0057 0.0076 0.0108 0.0147 0.0175 0.0182 0.0123 0.0088 0.0058 0.0047 0.0034 0.0035 0.0036 0.0051 0.0089 0.0328 0.0383 0.7130 
0 4 0.0271 0.0269 0.0083 0.0046 0.0034 0.0033 0.0031 0.0038 0.0045 0.0053 0.0061 0.0072 0.0076 0.0083 0.0067 0.0060 0.0047 0.0044 0.0036 0.0037 0.0039 0.0054 0.0099 0.0315 0.0351 0.7654 
0 5 0.0349 0.0328 0.0097 0.0051 0.0034 0.0028 0.0025 0.0028 0.0032 0.0039 0.0051 0.0057 0.0060 0.0067 0.0049 0.0041 0.0030 0.0030 0.0023 0.0026 0.0030 0.0046 0.0096 0.0365 0.0421 0.7595 
0 5 0.0292 0.0275 0.0088 0.0052 0.0037 0.0033 0.0033 0.0042 0.0053 0.0073 0.0103 0.0128 0.0143 0.0143 0.0100 0.0076 0.0052 0.0043 0.0031 0.0030 0.0032 0.0047 0.0088 0.0316 0.0355 0.7336 
0 5 0.0285 0.0271 0.0097 0.0058 0.0045 0.0045 0.0044 0.0051 0.0060 0.0075 0.0088 0.0105 0.0109 0.0116 0.0093 0.0079 0.0064 0.0060 0.0049 0.0049 0.0050 0.0065 0.0107 0.0310 0.0364 0.7260 
0 5 0.0324 0.0308 0.0078 0.0039 0.0029 0.0027 0.0028 0.0035 0.0045 0.0062 0.0084 0.0110 0.0122 0.0122 0.0081 0.0065 0.0047 0.0041 0.0029 0.0031 0.0029 0.0042 0.0085 0.0354 0.0409 0.7373 
0 5 0.0269 0.0271 0.0071 0.0029 0.0018 0.0014 0.0013 0.0012 0.0012 0.0014 0.0015 0.0018 0.0021 0.0029 0.0015 0.0016 0.0012 0.0016 0.0012 0.0015 0.0017 0.0031 0.0080 0.0303 0.2090 0.6589 
0 5 0.0319 0.0321 0.0082 0.0036 0.0023 0.0020 0.0018 0.0019 0.0020 0.0024 0.0027 0.0031 0.0032 0.0042 0.0029 0.0026 0.0021 0.0024 0.0018 0.0022 0.0024 0.0039 0.0091 0.0363 0.0394 0.7935 
0 5 0.0277 0.0259 0.0090 0.0055 0.0043 0.0039 0.0041 0.0049 0.0061 0.0082 0.0110 0.0147 0.0166 0.0168 0.0117 0.0090 0.0063 0.0055 0.0041 0.0042 0.0040 0.0055 0.0096 0.0305 0.0358 0.7151 
0 5 0.0280 0.0263 0.0093 0.0057 0.0039 0.0034 0.0030 0.0033 0.0032 0.0038 0.0043 0.0053 0.0058 0.0064 0.0047 0.0043 0.0036 0.0037 0.0031 0.0035 0.0040 0.0058 0.0108 0.0324 0.1323 0.6802 
0 5 0.0301 0.0280 0.0109 0.0065 0.0050 0.0045 0.0044 0.0048 0.0055 0.0063 0.0076 0.0088 0.0094 0.0101 0.0079 0.0068 0.0056 0.0052 0.0042 0.0045 0.0048 0.0068 0.0114 0.0316 0.0366 0.7328 
0 5 0.0278 0.0253 0.0104 0.0067 0.0054 0.0053 0.0053 0.0060 0.0068 0.0082 0.0097 0.0114 0.0124 0.0132 0.0105 0.0091 0.0074 0.0065 0.0054 0.0054 0.0055 0.0072 0.0110 0.0288 0.0334 0.7158 
0 4 0.0278 0.0258 0.0079 0.0053 0.0041 0.0042 0.0046 0.0057 0.0072 0.0095 0.0121 0.0152 0.0160 0.0162 0.0124 0.0100 0.0073 0.0063 0.0047 0.0047 0.0044 0.0057 0.0090 0.0304 0.0366 0.7068 
0 4 0.0236 0.0212 0.0097 0.0069 0.0064 0.0067 0.0077 0.0092 0.0113 0.0140 0.0172 0.0206 0.0216 0.0221 0.0182 0.0152 0.0119 0.0101 0.0080 0.0072 0.0067 0.0073 0.0101 0.0234 0.0274 0.6562 
0 5 0.0213 0.0193 0.0080 0.0053 0.0042 0.0039 0.0036 0.0039 0.0044 0.0052 0.0056 0.0070 0.0073 0.0078 0.0061 0.0054 0.0045 0.0042 0.0035 0.0037 0.0037 0.0050 0.0078 0.0212 0.3189 0.5091 
0 5 0.0241 0.0223 0.0082 0.0051 0.0036 0.0033 0.0031 0.0034 0.0036 0.0044 0.0048 0.0058 0.0060 0.0069 0.0052 0.0052 0.0045 0.0047 0.0043 0.0051 0.0057 0.0079 0.0132 0.0325 0.1701 0.6370 
0 5 0.0265 0.0249 0.0084 0.0049 0.0036 0.0036 0.0039 0.0051 0.0064 0.0085 0.0111 0.0139 0.0149 0.0157 0.0120 0.0099 0.0072 0.0063 0.0048 0.0047 0.0050 0.0067 0.0108 0.0309 0.0376 0.7126 
0 5 0.0278 0.0257 0.0101 0.0064 0.0051 0.0049 0.0049 0.0055 0.0065 0.0074 0.0079 0.0086 0.0090 0.0102 0.0086 0.0079 0.0069 0.0065 0.0054 0.0057 0.0058 0.0073 0.0115 0.0298 0.0344 0.7300 
0 5 0.0263 0.0241 0.0095 0.0069 0.0060 0.0056 0.0059 0.0069 0.0082 0.0104 0.0127 0.0158 0.0173 0.0171 0.0129 0.0107 0.0082 0.0073 0.0059 0.0058 0.0057 0.0069 0.0104 0.0272 0.0316 0.6950 
0 4 0.0227 0.0230 0.0069 0.0037 0.0026 0.0025 0.0026 0.0032 0.0037 0.0045 0.0053 0.0064 0.0071 0.0078 0.0058 0.0051 0.0039 0.0036 0.0028 0.0030 0.0032 0.0044 0.0080 0.0271 0.1770 0.6540 
0 4 0.0316 0.0311 0.0085 0.0042 0.0027 0.0024 0.0023 0.0024 0.0028 0.0033 0.0040 0.0047 0.0050 0.0057 0.0041 0.0038 0.0029 0.0029 0.0023 0.0026 0.0026 0.0043 0.0094 0.0351 0.0400 0.7791 
0 5 0.0343 0.0323 0.0094 0.0049 0.0034 0.0027 0.0025 0.0027 0.0030 0.0034 0.0040 0.0046 0.0049 0.0057 0.0040 0.0036 0.0028 0.0030 0.0023 0.0028 0.0032 0.0047 0.0098 0.0362 0.0418 0.7682 
0 5 0.0335 0.0313 0.0101 0.0055 0.0038 0.0033 0.0030 0.0031 0.0033 0.0039 0.0045 0.0046 0.0049 0.0056 0.0040 0.0039 0.0033 0.0034 0.0028 0.0032 0.0036 0.0054 0.0102 0.0353 0.0407 0.7638 
0 5 0.0202 0.0192 0.0067 0.0041 0.0030 0.0025 0.0026 0.0031 0.0039 0.0048 0.0059 0.0074 0.0077 0.0081 0.0063 0.0054 0.0040 0.0037 0.0030 0.0029 0.0030 0.0043 0.0074 0.0225 0.2918 0.5465 
0 5 0.0345 0.0332 0.0089 0.0047 0.0029 0.0025 0.0024 0.0024 0.0026 0.0029 0.0033 0.0039 0.0040 0.0048 0.0035 0.0032 0.0026 0.0028 0.0021 0.0025 0.0027 0.0043 0.0089 0.0376 0.0428 0.7739 
0 4 0.0158 0.0162 0.0053 0.0033 0.0026 0.0026 0.0027 0.0036 0.0049 0.0071 0.0096 0.0131 0.0144 0.0139 0.0099 0.0076 0.0055 0.0046 0.0034 0.0032 0.0031 0.0041 0.0069 0.0200 0.3057 0.5108 
0 5 0.0220 0.0199 0.0078 0.0049 0.0037 0.0032 0.0031 0.0033 0.0032 0.0037 0.0040 0.0047 0.0050 0.0055 0.0041 0.0038 0.0033 0.0032 0.0028 0.0031 0.0033 0.0045 0.0078 0.0222 0.3459 0.5020 
0 5 0.0303 0.0266 0.0114 0.0075 0.0059 0.0052 0.0053 0.0055 0.0060 0.0071 0.0080 0.0096 0.0102 0.0110 0.0092 0.0083 0.0067 0.0062 0.0053 0.0051 0.0053 0.0066 0.0106 0.0297 0.0344 0.7228 
0 5 0.0290 0.0274 0.0104 0.0067 0.0050 0.0049 0.0047 0.0052 0.0058 0.0069 0.0082 0.0090 0.0093 0.0104 0.0085 0.0077 0.0061 0.0057 0.0046 0.0047 0.0048 0.0066 0.0108 0.0303 0.0350 0.7321 
0 5 0.0285 0.0265 0.0105 0.0067 0.0053 0.0051 0.0050 0.0057 0.0064 0.0078 0.0093 0.0110 0.0120 0.0127 0.0096 0.0082 0.0065 0.0060 0.0049 0.0049 0.0052 0.0066 0.0108 0.0299 0.0341 0.7206 
0 5 0.0247 0.0247 0.0087 0.0054 0.0042 0.0040 0.0040 0.0048 0.0054 0.0066 0.0077 0.0090 0.0097 0.0109 0.0089 0.0082 0.0064 0.0063 0.0050 0.0051 0.0052 0.0067 0.0114 0.0323 0.0377 0.7369 
0 5 0.0233 0.0239 0.0071 0.0042 0.0031 0.0029 0.0030 0.0038 0.0049 0.0063 0.0082 0.0102 0.0111 0.0117 0.0089 0.0072 0.0056 0.0046 0.0035 0.0033 0.0033 0.0048 0.0087 0.0284 0.0955 0.7023 
0 3 0.0239 0.0226 0.0082 0.0051 0.0038 0.0033 0.0031 0.0035 0.0037 0.0042 0.0048 0.0057 0.0058 0.0064 0.0052 0.0050 0.0041 0.0040 0.0033 0.0035 0.0036 0.0049 0.0081 0.0250 0.2553 0.5739 
0 3 0.0322 0.0303 0.0102 0.0059 0.0044 0.0039 0.0037 0.0039 0.0043 0.0050 0.0055 0.0065 0.0065 0.0074 0.0059 0.0055 0.0046 0.0044 0.0036 0.0040 0.0042 0.0058 0.0103 0.0336 0.0392 0.7495 
0 5 0.0241 0.0225 0.0087 0.0053 0.0038 0.0034 0.0031 0.0035 0.0040 0.0046 0.0052 0.0071 0.0085 0.0092 0.0055 0.0048 0.0040 0.0039 0.0035 0.0036 0.0039 0.0052 0.0087 0.0249 0.2495 0.5694 
0 5 0.0310 0.0285 0.0113 0.0069 0.0050 0.0041 0.0039 0.0043 0.0047 0.0060 0.0072 0.0092 0.0098 0.0101 0.0076 0.0065 0.0050 0.0046 0.0039 0.0044 0.0049 0.0067 0.0114 0.0322 0.0375 0.7334 
0 5 0.0272 0.0254 0.0089 0.0054 0.0041 0.0037 0.0036 0.0040 0.0046 0.0054 0.0061 0.0075 0.0079 0.0087 0.0068 0.0061 0.0048 0.0046 0.0036 0.0037 0.0039 0.0054 0.0095 0.0294 0.1358 0.6642 
0 5 0.0172 0.0163 0.0070 0.0049 0.0041 0.0039 0.0040 0.0045 0.0052 0.0062 0.0073 0.0091 0.0094 0.0098 0.0081 0.0071 0.0057 0.0054 0.0045 0.0044 0.0043 0.0052 0.0078 0.0185 0.3650 0.4551 
0 5 0.0216 0.0206 0.0075 0.0047 0.0035 0.0032 0.0029 0.0032 0.0036 0.0046 0.0063 0.0085 0.0094 0.0092 0.0062 0.0048 0.0036 0.0034 0.0028 0.0031 0.0033 0.0046 0.0076 0.0228 0.3089 0.5202 
0 3 0.0212 0.0217 0.0062 0.0034 0.0025 0.0025 0.0025 0.0032 0.0044 0.0061 0.0075 0.0089 0.0099 0.0105 0.0080 0.0065 0.0048 0.0041 0.0031 0.0032 0.0030 0.0042 0.0082 0.0283 0.1761 0.6400 
0 3 0.0269 0.0263 0.0081 0.0046 0.0037 0.0036 0.0039 0.0048 0.0057 0.0073 0.0087 0.0100 0.0108 0.0116 0.0090 0.0077 0.0058 0.0052 0.0040 0.0040 0.0041 0.0053 0.0091 0.0304 0.0340 0.7455 
0 4 0.0236 0.0230 0.0080 0.0050 0.0039 0.0037 0.0039 0.0049 0.0061 0.0077 0.0098 0.0138 0.0163 0.0175 0.0111 0.0089 0.0066 0.0057 0.0046 0.0043 0.0042 0.0054 0.0093 0.0268 0.0864 0.6795 
0 4 0.0281 0.0280 0.0085 0.0048 0.0036 0.0030 0.0032 0.0036 0.0041 0.0049 0.0058 0.0064 0.0064 0.0075 0.0059 0.0055 0.0044 0.0043 0.0034 0.0035 0.0036 0.0051 0.0093 0.0319 0.0351 0.7703 
0 5 0.0356 0.0332 0.0101 0.0056 0.0038 0.0032 0.0029 0.0030 0.0031 0.0036 0.0038 0.0043 0.0045 0.0056 0.0039 0.0036 0.0028 0.0031 0.0026 0.0030 0.0034 0.0054 0.0105 0.0371 0.0439 0.7584 
0 4 0.0354 0.0323 0.0093 0.0052 0.0038 0.0031 0.0027 0.0028 0.0027 0.0028 0.0029 0.0032 0.0032 0.0042 0.0028 0.0031 0.0025 0.0029 0.0024 0.0029 0.0034 0.0052 0.0101 0.0368 0.0430 0.7712 
0 5 0.0161 0.0159 0.0061 0.0043 0.0034 0.0032 0.0032 0.0038 0.0044 0.0054 0.0067 0.0078 0.0078 0.0084 0.0067 0.0061 0.0048 0.0045 0.0036 0.0036 0.0036 0.0044 0.0073 0.0186 0.3884 0.4519 
0 5 0.0206 0.0195 0.0073 0.0044 0.0033 0.0030 0.0030 0.0034 0.0037 0.0043 0.0051 0.0057 0.0053 0.0058 0.0048 0.0046 0.0038 0.0037 0.0031 0.0033 0.0034 0.0045 0.0076 0.0213 0.3320 0.5134 
0 3 0.0231 0.0221 0.0075 0.0041 0.0028 0.0026 0.0025 0.0029 0.0031 0.0036 0.0042 0.0051 0.0052 0.0058 0.0044 0.0043 0.0036 0.0035 0.0030 0.0034 0.0038 0.0055 0.0105 0.0280 0.2461 0.5894 
0 3 0.0277 0.0272 0.0087 0.0050 0.0036 0.0032 0.0032 0.0037 0.0043 0.0051 0.0059 0.0067 0.0068 0.0074 0.0060 0.0056 0.0047 0.0045 0.0038 0.0039 0.0043 0.0060 0.0109 0.0315 0.0635 0.7371 
0 5 0.0226 0.0219 0.0078 0.0049 0.0038 0.0035 0.0035 0.0042 0.0054 0.0069 0.0093 0.0130 0.0159 0.0140 0.0100 0.0076 0.0057 0.0049 0.0040 0.0039 0.0039 0.0051 0.0083 0.0262 0.1746 0.6089 
0 5 0.0231 0.0223 0.0077 0.0046 0.0035 0.0033 0.0032 0.0037 0.0042 0.0055 0.0067 0.0083 0.0093 0.0111 0.0074 0.0067 0.0049 0.0049 0.0036 0.0039 0.0040 0.0063 0.0101 0.0298 0.1477 0.6541 
0 5 0.0186 0.0187 0.0060 0.0038 0.0032 0.0031 0.0032 0.0040 0.0048 0.0060 0.0075 0.0093 0.0100 0.0101 0.0077 0.0064 0.0051 0.0045 0.0035 0.0033 0.0031 0.0040 0.0070 0.0221 0.2635 0.5616 
0 5 0.0363 0.0336 0.0089 0.0039 0.0023 0.0017 0.0013 0.0012 0.0012 0.0013 0.0013 0.0017 0.0015 0.0021 0.0011 0.0014 0.0011 0.0015 0.0012 0.0017 0.0023 0.0042 0.0096 0.0387 0.1120 0.7270 
0 5 0.0376 0.0352 0.0093 0.0044 0.0027 0.0020 0.0016 0.0015 0.0016 0.0017 0.0018 0.0023 0.0023 0.0034 0.0021 0.0021 0.0016 0.0021 0.0016 0.0020 0.0025 0.0045 0.0100 0.0400 0.0475 0.7765 
0 5 0.0216 0.0211 0.0078 0.0048 0.0035 0.0031 0.0029 0.0032 0.0034 0.0039 0.0045 0.0056 0.0064 0.0073 0.0049 0.0048 0.0039 0.0039 0.0035 0.0038 0.0039 0.0056 0.0096 0.0258 0.2710 0.5600 
0 5 0.0313 0.0292 0.0094 0.0053 0.0039 0.0034 0.0031 0.0036 0.0041 0.0051 0.0061 0.0063 0.0066 0.0074 0.0054 0.0050 0.0040 0.0039 0.0030 0.0033 0.0035 0.0051 0.0094 0.0343 0.0394 0.7590 
0 5 0.0291 0.0276 0.0098 0.0061 0.0046 0.0041 0.0041 0.0045 0.0051 0.0065 0.0078 0.0087 0.0091 0.0101 0.0078 0.0070 0.0056 0.0056 0.0044 0.0048 0.0047 0.0062 0.0105 0.0316 0.0365 0.7380 
0 4 0.0380 0.0352 0.0079 0.0035 0.0020 0.0016 0.0013 0.0016 0.0019 0.0023 0.0027 0.0032 0.0034 0.0043 0.0025 0.0022 0.0015 0.0019 0.0012 0.0015 0.0017 0.0034 0.0081 0.0404 0.0481 0.7786 
0 4 0.0355 0.0335 0.0079 0.0039 0.0025 0.0020 0.0020 0.0022 0.0028 0.0034 0.0044 0.0055 0.0060 0.0065 0.0044 0.0035 0.0024 0.0025 0.0017 0.0020 0.0022 0.0039 0.0083 0.0385 0.0461 0.7661 
0 4 0.0320 0.0294 0.0103 0.0055 0.0036 0.0028 0.0024 0.0025 0.0026 0.0031 0.0039 0.0045 0.0045 0.0052 0.0037 0.0034 0.0027 0.0030 0.0026 0.0032 0.0038 0.0061 0.0120 0.0347 0.1167 0.6959 
0 5 0.0326 0.0308 0.0099 0.0055 0.0038 0.0033 0.0030 0.0032 0.0033 0.0037 0.0040 0.0043 0.0047 0.0057 0.0041 0.0040 0.0032 0.0035 0.0028 0.0031 0.0035 0.0055 0.0104 0.0348 0.0395 0.7679 
0 4 0.0284 0.0269 0.0103 0.0065 0.0049 0.0045 0.0043 0.0049 0.0054 0.0068 0.0079 0.0092 0.0098 0.0108 0.0084 0.0074 0.0058 0.0056 0.0044 0.0048 0.0049 0.0069 0.0113 0.0316 0.0366 0.7319 
0 4 0.0181 0.0169 0.0064 0.0038 0.0027 0.0024 0.0024 0.0030 0.0040 0.0055 0.0075 0.0094 0.0101 0.0097 0.0075 0.0057 0.0041 0.0035 0.0026 0.0026 0.0028 0.0038 0.0065 0.0184 0.3927 0.4478 
0 4 0.0157 0.0162 0.0058 0.0033 0.0027 0.0026 0.0032 0.0039 0.0051 0.0072 0.0099 0.0126 0.0139 0.0144 0.0110 0.0080 0.0057 0.0045 0.0032 0.0030 0.0028 0.0036 0.0060 0.0179 0.3191 0.4988 
0 4 0.0303 0.0293 0.0085 0.0040 0.0026 0.0019 0.0016 0.0017 0.0016 0.0019 0.0020 0.0023 0.0023 0.0031 0.0021 0.0020 0.0018 0.0021 0.0017 0.0023 0.0027 0.0046 0.0094 0.0338 0.1589 0.6854 
0 4 0.0211 0.0207 0.0069 0.0043 0.0034 0.0033 0.0035 0.0043 0.0049 0.0061 0.0070 0.0081 0.0086 0.0093 0.0075 0.0067 0.0051 0.0046 0.0038 0.0035 0.0035 0.0045 0.0079 0.0237 0.2431 0.5747 
0 4 0.0261 0.0242 0.0103 0.0070 0.0058 0.0055 0.0055 0.0062 0.0074 0.0092 0.0109 0.0134 0.0137 0.0146 0.0119 0.0103 0.0084 0.0073 0.0060 0.0059 0.0058 0.0071 0.0105 0.0274 0.0589 0.6807 
0 5 0.0218 0.0205 0.0066 0.0039 0.0032 0.0030 0.0034 0.0040 0.0052 0.0076 0.0104 0.0177 0.0247 0.0221 0.0113 0.0088 0.0061 0.0052 0.0037 0.0036 0.0034 0.0047 0.0082 0.0266 0.1727 0.5915 
0 5 0.0327 0.0306 0.0110 0.0063 0.0046 0.0038 0.0036 0.0039 0.0041 0.0048 0.0058 0.0064 0.0064 0.0074 0.0057 0.0051 0.0045 0.0044 0.0038 0.0041 0.0048 0.0068 0.0120 0.0335 0.0404 0.7437 
0 4 0.0252 0.0237 0.0077 0.0053 0.0049 0.0049 0.0056 0.0069 0.0088 0.0120 0.0159 0.0188 0.0200 0.0203 0.0159 0.0125 0.0091 0.0075 0.0056 0.0052 0.0049 0.0059 0.0089 0.0287 0.0340 0.6816 
0 4 0.0234 0.0215 0.0089 0.0063 0.0054 0.0055 0.0062 0.0077 0.0096 0.0125 0.0156 0.0190 0.0203 0.0211 0.0167 0.0135 0.0103 0.0086 0.0064 0.0061 0.0060 0.0069 0.0099 0.0257 0.0295 0.6775 
0 5 0.0306 0.0281 0.0097 0.0055 0.0041 0.0037 0.0037 0.0042 0.0049 0.0063 0.0079 0.0098 0.0106 0.0112 0.0083 0.0072 0.0054 0.0051 0.0040 0.0042 0.0045 0.0061 0.0108 0.0326 0.0382 0.7333 
0 5 0.0301 0.0276 0.0110 0.0072 0.0055 0.0048 0.0047 0.0051 0.0058 0.0067 0.0081 0.0097 0.0107 0.0112 0.0086 0.0074 0.0058 0.0055 0.0048 0.0049 0.0052 0.0071 0.0118 0.0317 0.0375 0.7215 
0 4 0.0375 0.0340 0.0101 0.0051 0.0032 0.0025 0.0022 0.0021 0.0022 0.0023 0.0026 0.0029 0.0032 0.0042 0.0025 0.0025 0.0020 0.0024 0.0019 0.0024 0.0029 0.0047 0.0101 0.0389 0.0446 0.7712 
0 5 0.0198 0.0197 0.0062 0.0034 0.0025 0.0023 0.0022 0.0023 0.0026 0.0033 0.0042 0.0045 0.0047 0.0054 0.0041 0.0038 0.0031 0.0029 0.0023 0.0024 0.0026 0.0036 0.0065 0.0215 0.3351 0.5291 
0 4 0.0258 0.0242 0.0065 0.0030 0.0018 0.0014 0.0012 0.0013 0.0015 0.0017 0.0020 0.0027 0.0025 0.0030 0.0019 0.0018 0.0013 0.0014 0.0010 0.0013 0.0017 0.0030 0.0065 0.0275 0.3298 0.5441 
0 4 0.0316 0.0298 0.0084 0.0040 0.0028 0.0024 0.0025 0.0028 0.0032 0.0041 0.0048 0.0060 0.0064 0.0069 0.0055 0.0046 0.0034 0.0033 0.0025 0.0026 0.0027 0.0043 0.0087 0.0337 0.0923 0.7209 
0 5 0.0277 0.0267 0.0093 0.0056 0.0040 0.0035 0.0035 0.0038 0.0042 0.0053 0.0065 0.0079 0.0084 0.0091 0.0072 0.0062 0.0050 0.0048 0.0038 0.0039 0.0041 0.0061 0.0110 0.0337 0.0740 0.7146 
0 5 0.0340 0.0323 0.0095 0.0049 0.0033 0.0029 0.0028 0.0027 0.0031 0.0033 0.0039 0.0043 0.0045 0.0053 0.0039 0.0035 0.0029 0.0029 0.0023 0.0025 0.0029 0.0046 0.0096 0.0366 0.0419 0.7698 
0 5 0.0298 0.0285 0.0103 0.0063 0.0045 0.0043 0.0042 0.0044 0.0049 0.0057 0.0066 0.0078 0.0079 0.0087 0.0066 0.0060 0.0050 0.0048 0.0040 0.0043 0.0046 0.0065 0.0109 0.0317 0.0366 0.7453 
0 4 0.0332 0.0314 0.0091 0.0046 0.0033 0.0028 0.0025 0.0029 0.0031 0.0037 0.0041 0.0048 0.0047 0.0055 0.0040 0.0038 0.0031 0.0033 0.0025 0.0028 0.0029 0.0047 0.0093 0.0365 0.0427 0.7685 
0 4 0.0323 0.0298 0.0101 0.0061 0.0043 0.0036 0.0033 0.0038 0.0043 0.0054 0.0066 0.0082 0.0089 0.0092 0.0067 0.0056 0.0043 0.0039 0.0031 0.0034 0.0035 0.0052 0.0098 0.0348 0.0409 0.7430 
0 5 0.0166 0.0160 0.0048 0.0030 0.0026 0.0027 0.0027 0.0036 0.0047 0.0067 0.0091 0.0112 0.0121 0.0122 0.0090 0.0069 0.0048 0.0040 0.0028 0.0025 0.0024 0.0031 0.0053 0.0201 0.3656 0.4655 
0 5 0.0254 0.0241 0.0078 0.0050 0.0042 0.0045 0.0050 0.0061 0.0076 0.0097 0.0116 0.0136 0.0142 0.0154 0.0120 0.0103 0.0079 0.0071 0.0055 0.0052 0.0051 0.0063 0.0098 0.0297 0.0356 0.7113 
0 3 0.0294 0.0261 0.0105 0.0071 0.0060 0.0055 0.0055 0.0063 0.0070 0.0081 0.0091 0.0101 0.0105 0.0117 0.0095 0.0087 0.0075 0.0072 0.0062 0.0065 0.0067 0.0082 0.0120 0.0292 0.0351 0.7100 
0 5 0.0372 0.0342 0.0099 0.0051 0.0033 0.0024 0.0021 0.0020 0.0020 0.0022 0.0024 0.0026 0.0027 0.0037 0.0024 0.0025 0.0021 0.0024 0.0021 0.0025 0.0029 0.0049 0.0102 0.0384 0.0451 0.7726 
0 5 0.0346 0.0317 0.0111 0.0065 0.0045 0.0038 0.0035 0.0035 0.0037 0.0043 0.0049 0.0055 0.0058 0.0065 0.0047 0.0044 0.0036 0.0037 0.0030 0.0034 0.0039 0.0059 0.0105 0.0350 0.0417 0.7501 
0 4 0.0268 0.0244 0.0079 0.0058 0.0049 0.0049 0.0057 0.0069 0.0087 0.0117 0.0158 0.0192 0.0211 0.0208 0.0154 0.0122 0.0091 0.0073 0.0055 0.0050 0.0046 0.0057 0.0085 0.0302 0.0356 0.6764 
0 4 0.0243 0.0226 0.0080 0.0046 0.0032 0.0027 0.0024 0.0027 0.0029 0.0032 0.0036 0.0043 0.0045 0.0050 0.0036 0.0034 0.0029 0.0027 0.0023 0.0026 0.0029 0.0043 0.0076 0.0253 0.3083 0.5400 
0 4 0.0287 0.0271 0.0091 0.0057 0.0045 0.0043 0.0043 0.0049 0.0057 0.0069 0.0089 0.0108 0.0124 0.0128 0.0100 0.0080 0.0059 0.0054 0.0041 0.0041 0.0039 0.0051 0.0089 0.0315 0.0362 0.7310 
0 5 0.0198 0.0191 0.0065 0.0037 0.0025 0.0020 0.0019 0.0019 0.0022 0.0024 0.0028 0.0037 0.0038 0.0044 0.0032 0.0029 0.0024 0.0024 0.0021 0.0024 0.0024 0.0038 0.0068 0.0220 0.3961 0.4767 
0 5 0.0265 0.0242 0.0101 0.0066 0.0048 0.0042 0.0040 0.0043 0.0046 0.0057 0.0070 0.0089 0.0095 0.0097 0.0073 0.0061 0.0049 0.0046 0.0042 0.0045 0.0048 0.0065 0.0103 0.0267 0.1903 0.5998 
0 5 0.0273 0.0261 0.0087 0.0058 0.0048 0.0045 0.0046 0.0053 0.0066 0.0088 0.0115 0.0139 0.0153 0.0154 0.0115 0.0094 0.0070 0.0061 0.0045 0.0043 0.0042 0.0053 0.0086 0.0309 0.0362 0.7134 
0 4 0.0288 0.0278 0.0095 0.0056 0.0043 0.0041 0.0041 0.0045 0.0049 0.0059 0.0069 0.0076 0.0077 0.0086 0.0067 0.0063 0.0052 0.0051 0.0043 0.0045 0.0047 0.0061 0.0104 0.0304 0.0341 0.7520 
0 4 0.0285 0.0277 0.0079 0.0044 0.0032 0.0029 0.0032 0.0036 0.0045 0.0056 0.0074 0.0083 0.0088 0.0094 0.0072 0.0062 0.0048 0.0044 0.0033 0.0033 0.0033 0.0047 0.0087 0.0326 0.0369 0.7592 
