usf0001_RCC_L1_MS_M.jpg 5 0.025643 0.023731 0.009918 0.006437 0.005358 0.005158 0.005383 0.006396 0.00774 0.009567 0.011645 0.014196 0.014772 0.015882 0.012537 0.010705 0.008665 0.007964 0.006169 0.006216 0.006188 0.007491 0.01113 0.027176 0.032293 0.70164
usf0001_RMLO_L1_MS_M.jpg 4 0.0266 0.024263 0.010061 0.00658 0.005284 0.005025 0.005139 0.006145 0.007346 0.009146 0.01079 0.013362 0.014649 0.01552 0.011787 0.010138 0.008009 0.007048 0.005836 0.005581 0.005612 0.007181 0.011218 0.028084 0.032801 0.706795
usf0002_LMLO_L1_CL_M.jpg 4 0.027646 0.02621 0.009924 0.006116 0.004665 0.004371 0.004425 0.004863 0.005543 0.006983 0.008185 0.009785 0.010159 0.011216 0.008692 0.00767 0.006003 0.00551 0.004468 0.004474 0.004481 0.005998 0.010186 0.029384 0.032714 0.740329
usf0003_RCC_L1_MS_M.jpg 5 0.028341 0.027618 0.008289 0.004701 0.003888 0.003919 0.004012 0.004764 0.005458 0.00667 0.008012 0.00939 0.010022 0.010808 0.008421 0.006987 0.005343 0.00492 0.003764 0.003693 0.00344 0.004788 0.008743 0.031196 0.034646 0.748167
usf0003_RMLO_L1_MS_M.jpg 5 0.032108 0.03128 0.008074 0.003703 0.002619 0.002391 0.002177 0.00232 0.002567 0.003126 0.003756 0.004173 0.004492 0.005476 0.003904 0.003419 0.002539 0.002445 0.001998 0.002302 0.002512 0.00388 0.00859 0.035624 0.039267 0.785258
usf0004_RCC_L1_MS_M.jpg 5 0.024521 0.02367 0.008279 0.004616 0.003436 0.003255 0.003392 0.003928 0.004738 0.005653 0.007207 0.008733 0.009394 0.009483 0.007551 0.006255 0.004849 0.004367 0.003546 0.003463 0.003607 0.005077 0.008978 0.026858 0.175367 0.629777
usf0006_LCC_L1_MS_M.jpg 4 0.025647 0.024567 0.008678 0.005246 0.004288 0.003983 0.004221 0.005109 0.006476 0.008271 0.010564 0.013339 0.01419 0.015068 0.011269 0.009368 0.006955 0.005993 0.004618 0.004366 0.004382 0.005504 0.009199 0.027561 0.030519 0.730619
usf0006_LMLO_L1_MS_M.jpg 4 0.029644 0.028246 0.006581 0.003681 0.002859 0.002851 0.003126 0.004189 0.005565 0.007532 0.010182 0.013218 0.015198 0.014595 0.010585 0.008343 0.005833 0.004881 0.003352 0.003145 0.002965 0.004078 0.007205 0.033457 0.038846 0.729843
usf0006_RCC_L1_MS_M.jpg 5 0.027743 0.026495 0.00796 0.004379 0.003363 0.003412 0.00367 0.004857 0.006311 0.008709 0.01179 0.014282 0.01544 0.015535 0.011818 0.009385 0.006608 0.005704 0.003945 0.003696 0.003384 0.004553 0.008328 0.029864 0.034005 0.724764
usf0006_RMLO_L1_MS_M.jpg 5 0.027494 0.026407 0.007602 0.004674 0.003647 0.003703 0.004047 0.005213 0.00675 0.009044 0.011941 0.014354 0.015261 0.01577 0.012213 0.009557 0.006765 0.005532 0.003923 0.003606 0.003354 0.00456 0.008064 0.029958 0.033864 0.722697
usf0007_RCC_L1_CL_B.jpg 4 0.028029 0.027473 0.009118 0.005171 0.00374 0.003175 0.002978 0.003332 0.003534 0.00397 0.004206 0.004759 0.004947 0.005708 0.00438 0.004322 0.003716 0.003866 0.003361 0.00374 0.004222 0.006447 0.011408 0.032833 0.078093 0.733472
usf0007_RMLO_L1_CL_B.jpg 4 0.030004 0.027728 0.010372 0.006409 0.005024 0.004458 0.004299 0.004498 0.005013 0.005562 0.00631 0.007199 0.007585 0.008823 0.006508 0.006042 0.005051 0.004963 0.00432 0.004442 0.004848 0.006619 0.011054 0.031354 0.035927 0.745588
usf0008_RCC_L1_MS_M.jpg 4 0.028355 0.026707 0.007458 0.003974 0.003087 0.002994 0.003173 0.004187 0.005665 0.008764 0.01228 0.016402 0.017812 0.017722 0.012107 0.008887 0.005751 0.004715 0.00342 0.003233 0.003255 0.004409 0.008262 0.030929 0.036271 0.720181
usf0008_RCC_L2_CL_B.jpg 4 0.01718 0.017519 0.005528 0.003191 0.002451 0.00239 0.002409 0.003192 0.003944 0.005605 0.007352 0.010829 0.012871 0.01375 0.008124 0.006758 0.004374 0.003702 0.002783 0.002518 0.00262 0.003512 0.006018 0.019434 0.342349 0.489597
usf0008_RMLO_L1_MS_M.jpg 4 0.0246 0.023613 0.009147 0.005667 0.0044 0.004537 0.004907 0.005986 0.007065 0.009099 0.011201 0.013631 0.014632 0.015456 0.011984 0.010155 0.007692 0.006565 0.005095 0.004818 0.004818 0.00628 0.010279 0.027937 0.030713 0.719723
usf0008_RMLO_L2_CL_B.jpg 4 0.015722 0.015711 0.005254 0.003062 0.002271 0.002181 0.002195 0.002779 0.003236 0.004428 0.005841 0.008596 0.011363 0.010644 0.00657 0.004939 0.003404 0.003488 0.002277 0.00234 0.002396 0.003349 0.00599 0.018411 0.396976 0.456577
usf0009_RCC_L1_MS_M.jpg 5 0.029752 0.027666 0.009641 0.005561 0.004019 0.003571 0.003441 0.003942 0.004657 0.005815 0.006784 0.00844 0.00904 0.009957 0.00745 0.006529 0.004901 0.004738 0.003707 0.003855 0.004242 0.006128 0.011006 0.033121 0.039068 0.742969
usf0009_RMLO_L1_MS_M.jpg 5 0.026443 0.025425 0.010719 0.007049 0.005355 0.004771 0.004613 0.00548 0.006619 0.00839 0.010252 0.012556 0.013998 0.014974 0.01149 0.009508 0.007064 0.006251 0.004646 0.004741 0.004805 0.006474 0.011001 0.029879 0.03441 0.713087
usf0010_RCC_L1_CL_M.jpg 5 0.020619 0.019218 0.007482 0.00429 0.003229 0.002954 0.00288 0.0034 0.003748 0.004628 0.005124 0.006133 0.00644 0.006567 0.005163 0.004544 0.003662 0.00351 0.002809 0.003098 0.003441 0.004666 0.00798 0.022232 0.334166 0.508017
usf0010_RMLO_L1_CL_M.jpg 5 0.028974 0.026386 0.010337 0.006723 0.005408 0.005086 0.005337 0.006122 0.006867 0.008088 0.009335 0.010868 0.011181 0.011477 0.009676 0.008831 0.007142 0.006424 0.005547 0.005471 0.005632 0.007293 0.011273 0.029786 0.034618 0.716118
usf0012_RCC_L1_CL_M.jpg 5 0.017526 0.01652 0.006729 0.004383 0.003492 0.003292 0.003379 0.004006 0.004741 0.00597 0.007257 0.009062 0.009272 0.009407 0.007629 0.006406 0.005152 0.004712 0.003631 0.00366 0.003834 0.004707 0.007163 0.018088 0.368067 0.461915
usf0012_RMLO_L1_CL_M.jpg 5 0.033583 0.031161 0.009065 0.005016 0.003538 0.002977 0.002775 0.003021 0.003225 0.003672 0.004392 0.005076 0.005427 0.006141 0.004635 0.004249 0.003265 0.003323 0.002573 0.002969 0.003322 0.004973 0.009652 0.035774 0.041119 0.765077
usf0014_RCC_L1_MS_M.jpg 5 0.033869 0.030209 0.010146 0.005321 0.003563 0.002762 0.002465 0.002481 0.002588 0.002911 0.002917 0.003594 0.003556 0.004233 0.002975 0.002923 0.002534 0.002825 0.002391 0.003029 0.003364 0.005504 0.010552 0.035456 0.101739 0.716093
usf0014_RMLO_L1_MS_M.jpg 5 0.031488 0.028556 0.010657 0.006339 0.004278 0.003719 0.003319 0.003438 0.003757 0.004379 0.004976 0.006492 0.007328 0.007435 0.005012 0.004468 0.003499 0.003444 0.002955 0.003306 0.003862 0.005606 0.01058 0.033503 0.099483 0.698121
usf0015_RCC_L1_MS_M.jpg 5 0.023386 0.022042 0.006881 0.004007 0.002928 0.002664 0.002628 0.002891 0.003879 0.005237 0.007131 0.008826 0.009835 0.009515 0.007184 0.005803 0.004104 0.003837 0.00291 0.003 0.003156 0.00425 0.007322 0.024772 0.268867 0.552945
usf0015_RMLO_L1_MS_M.jpg 5 0.021207 0.020332 0.006991 0.004065 0.002821 0.002565 0.002408 0.002652 0.003103 0.003796 0.004097 0.006244 0.006962 0.007465 0.004453 0.004166 0.003391 0.003342 0.00281 0.00298 0.003262 0.004497 0.00821 0.023666 0.318812 0.525703
usf0016_RCC_L1_MS_M.jpg 5 0.032251 0.029673 0.010125 0.005966 0.004564 0.003991 0.004082 0.004483 0.005051 0.005983 0.00671 0.007734 0.008268 0.008882 0.006837 0.00606 0.004707 0.004577 0.003567 0.003845 0.003997 0.005793 0.010203 0.033185 0.039003 0.740463
usf0016_RMLO_L1_MS_M.jpg 5 0.032117 0.029467 0.009902 0.006062 0.004702 0.004262 0.004132 0.004425 0.004654 0.005525 0.006476 0.00725 0.007658 0.008129 0.006351 0.005655 0.00459 0.004336 0.003485 0.003607 0.003834 0.005494 0.010307 0.03387 0.039762 0.743948
usf0017_LCC_L1_MS_M.jpg 4 0.02726 0.026527 0.007474 0.00408 0.002981 0.002872 0.003005 0.003772 0.004748 0.006197 0.008359 0.010839 0.012067 0.012408 0.009223 0.007557 0.005444 0.004648 0.003382 0.003455 0.003388 0.004834 0.008864 0.032023 0.03572 0.748873
usf0017_LMLO_L1_MS_M.jpg 4 0.022561 0.022914 0.006293 0.003654 0.002666 0.002689 0.003071 0.004207 0.005989 0.008522 0.01192 0.015825 0.017427 0.01794 0.013297 0.010109 0.006755 0.005403 0.003788 0.003661 0.003474 0.005281 0.010175 0.033389 0.040654 0.718336
usf0018_LCC_L1_MS_M.jpg 5 0.02756 0.025104 0.008465 0.004733 0.003162 0.002612 0.002186 0.002347 0.002542 0.002802 0.003417 0.006127 0.012705 0.011253 0.004322 0.003659 0.002834 0.00299 0.002352 0.002906 0.003192 0.005047 0.009627 0.030222 0.210118 0.607716
usf0018_LMLO_L1_MS_M.jpg 5 0.036397 0.033021 0.010477 0.005454 0.003465 0.002853 0.002447 0.002437 0.00253 0.002578 0.002831 0.003172 0.003192 0.004165 0.002951 0.002984 0.002404 0.002743 0.002217 0.002913 0.003477 0.005638 0.011357 0.037917 0.044826 0.765554
usf0019_LCC_L1_MS_B.jpg 2 0.031652 0.029912 0.009117 0.005107 0.003411 0.002837 0.002639 0.002756 0.003109 0.003956 0.004905 0.006545 0.007081 0.007589 0.005334 0.004469 0.003122 0.00301 0.002298 0.002575 0.002828 0.004481 0.00891 0.033472 0.097397 0.711488
usf0019_LMLO_L1_MS_B.jpg 2 0.033869 0.03215 0.008952 0.004609 0.003079 0.00265 0.002542 0.002755 0.0033 0.003806 0.004628 0.005544 0.005865 0.006523 0.00484 0.004144 0.003229 0.002973 0.002217 0.00249 0.00273 0.004158 0.008725 0.036202 0.04131 0.76671
usf0022_RMLO_L1_MS_M.jpg 5 0.012442 0.012672 0.004407 0.00254 0.001807 0.001621 0.001612 0.001904 0.002205 0.002946 0.003686 0.004864 0.005234 0.005747 0.004337 0.003539 0.002575 0.002374 0.001814 0.001985 0.00201 0.003095 0.005952 0.017518 0.51772 0.373394
usf0022_RMLO_L2_MS_M.jpg 5 0.024444 0.024522 0.007829 0.004458 0.003308 0.003043 0.002845 0.003185 0.003588 0.004062 0.004525 0.005159 0.005339 0.006318 0.005164 0.004886 0.004024 0.004269 0.003337 0.003612 0.003761 0.005286 0.0094 0.02998 0.154085 0.669571
usf0023_LCC_L1_MS_M.jpg 5 0.031405 0.028566 0.010302 0.006465 0.004853 0.004474 0.004424 0.004512 0.005238 0.005816 0.006815 0.007226 0.007313 0.007844 0.006346 0.0057 0.004775 0.00472 0.003946 0.004303 0.004871 0.006539 0.011016 0.031685 0.036949 0.743897
usf0023_LMLO_L1_MS_M.jpg 5 0.033405 0.029477 0.011837 0.007757 0.005946 0.004927 0.004709 0.004773 0.005015 0.006053 0.00702 0.007351 0.00745 0.008242 0.006346 0.005865 0.004855 0.004978 0.004319 0.004799 0.005366 0.0072 0.011819 0.0324 0.038093 0.729998
usf0024_LCC_L1_MS_B.jpg 3 0.028384 0.027232 0.009012 0.005125 0.003845 0.003681 0.003823 0.004543 0.00547 0.006686 0.008097 0.009554 0.010229 0.010934 0.008168 0.006787 0.005285 0.004828 0.004016 0.004045 0.00417 0.005762 0.010173 0.031353 0.035111 0.743687
usf0024_LCC_L2_MS_M.jpg 3 0.035193 0.033436 0.009533 0.004717 0.002881 0.002282 0.001989 0.002077 0.002168 0.002327 0.002559 0.002806 0.002957 0.003672 0.00259 0.002518 0.002091 0.002394 0.001989 0.002447 0.002956 0.004883 0.010563 0.038332 0.044315 0.776325
usf0024_LMLO_L1_MS_M.jpg 5 0.027469 0.025506 0.009367 0.005117 0.003362 0.002886 0.002684 0.002906 0.003363 0.004224 0.004949 0.006455 0.006769 0.007451 0.005201 0.004472 0.00349 0.003378 0.002691 0.003089 0.003531 0.005378 0.009895 0.029426 0.17719 0.639751
usf0024_LMLO_L2_MS_B.jpg 5 0.028702 0.027919 0.009986 0.005594 0.003971 0.003594 0.003608 0.004039 0.004807 0.006052 0.007578 0.00915 0.01031 0.010706 0.007633 0.006511 0.004793 0.004324 0.003616 0.003729 0.003972 0.005928 0.010804 0.032039 0.036866 0.743769
usf0024_RCC_L1_MS_B.jpg 3 0.028196 0.027233 0.008943 0.005118 0.003928 0.003665 0.003846 0.004406 0.005365 0.006659 0.008253 0.009666 0.009991 0.010792 0.008304 0.006982 0.005385 0.004828 0.003837 0.003944 0.004062 0.005852 0.01036 0.031416 0.035713 0.743256
usf0024_RMLO_L1_MS_B.jpg 3 0.030992 0.029228 0.010257 0.006056 0.004452 0.003929 0.003773 0.004297 0.004566 0.005314 0.005978 0.00665 0.006964 0.007707 0.00575 0.005548 0.004413 0.004417 0.003555 0.003828 0.004094 0.005834 0.010679 0.033772 0.039302 0.748645
usf0026_LCC_L1_CL_M.jpg 4 0.028101 0.026886 0.007681 0.004182 0.003192 0.002926 0.002992 0.003767 0.004776 0.006319 0.00764 0.008567 0.009002 0.009675 0.007515 0.006542 0.004981 0.004688 0.003469 0.003524 0.003719 0.005347 0.009895 0.033595 0.039294 0.751725
usf0026_LMLO_L1_CL_M.jpg 4 0.031385 0.030085 0.007512 0.00415 0.002995 0.002845 0.002742 0.003156 0.003819 0.004875 0.005836 0.006855 0.007237 0.00835 0.006344 0.00529 0.004149 0.003886 0.003115 0.00322 0.003116 0.004578 0.008383 0.034896 0.039611 0.76157
usf0027_LCC_L1_MS_M.jpg 5 0.035641 0.033759 0.008877 0.003666 0.002133 0.001636 0.001389 0.001324 0.001304 0.001572 0.001734 0.002002 0.002244 0.002996 0.00173 0.001879 0.001466 0.001965 0.00136 0.001814 0.002082 0.003871 0.009616 0.038608 0.044587 0.790745
usf0027_LMLO_L1_MS_M.jpg 5 0.030149 0.029411 0.009073 0.004793 0.003357 0.00281 0.002718 0.002938 0.003429 0.004222 0.005339 0.006184 0.006648 0.007364 0.005352 0.004729 0.003575 0.003608 0.002826 0.003154 0.003417 0.005188 0.01011 0.033005 0.037242 0.769359
usf0031_RCC_L1_MS_M.jpg 5 0.035596 0.032675 0.010515 0.005338 0.003584 0.002892 0.002797 0.002828 0.003109 0.003819 0.005008 0.006129 0.006748 0.007002 0.004437 0.003932 0.002907 0.00298 0.002226 0.00259 0.00297 0.004869 0.010027 0.037681 0.044667 0.752674
usf0031_RMLO_L1_MS_M.jpg 5 0.034512 0.030672 0.012057 0.007093 0.005028 0.004292 0.003962 0.004271 0.004559 0.005465 0.007075 0.008228 0.008908 0.008718 0.006092 0.005282 0.004305 0.004243 0.003671 0.003925 0.00441 0.00635 0.011363 0.034854 0.041345 0.72932
usf0032_RCC_L1_MS_M.jpg 4 0.025895 0.026796 0.007933 0.003724 0.002927 0.002756 0.002651 0.003096 0.003561 0.004377 0.005308 0.006428 0.007192 0.008087 0.005656 0.004926 0.003994 0.003779 0.003043 0.003203 0.003039 0.004758 0.009651 0.030363 0.032148 0.784709
usf0032_RMLO_L1_MS_M.jpg 4 0.03172 0.030344 0.009482 0.005104 0.003483 0.002966 0.002835 0.003177 0.003629 0.004388 0.005219 0.006002 0.006552 0.00727 0.005514 0.004867 0.003836 0.003722 0.002981 0.003321 0.003551 0.005247 0.010277 0.034507 0.038984 0.761022
usf0034_RCC_L1_MS_M.jpg 5 0.026027 0.025653 0.008263 0.004848 0.003777 0.003529 0.00394 0.004667 0.00597 0.008172 0.010783 0.014055 0.016286 0.015497 0.01085 0.00849 0.006074 0.005579 0.004054 0.00411 0.004195 0.005545 0.009712 0.029566 0.034282 0.726076
usf0034_RMLO_L1_MS_M.jpg 5 0.031589 0.029182 0.010294 0.005708 0.004191 0.003605 0.003519 0.003956 0.004397 0.005248 0.006255 0.007238 0.007575 0.008408 0.0064 0.005733 0.004629 0.004595 0.003524 0.003886 0.004118 0.006013 0.010932 0.033313 0.038828 0.746864
usf0035_RCC_L1_MS_M.jpg 5 0.027979 0.027046 0.008791 0.004986 0.003772 0.00348 0.003585 0.004158 0.0048 0.005884 0.006775 0.008034 0.008387 0.009087 0.007219 0.006377 0.004969 0.004644 0.003402 0.00375 0.003752 0.005285 0.00969 0.031598 0.035858 0.756692
usf0035_RMLO_L1_MS_M.jpg 5 0.028035 0.026748 0.009327 0.005895 0.0049 0.004648 0.004664 0.005197 0.005647 0.006945 0.007962 0.009315 0.009949 0.01088 0.008869 0.007727 0.006082 0.005578 0.004319 0.004554 0.004525 0.005824 0.010041 0.030468 0.034874 0.737027
usf0036_RCC_L1_CL_M.jpg 4 0.022967 0.022121 0.007829 0.004503 0.0033 0.003078 0.003232 0.003921 0.00466 0.005965 0.007523 0.008974 0.009781 0.010017 0.007715 0.006551 0.005122 0.004527 0.003663 0.003482 0.003795 0.005215 0.009221 0.025357 0.188834 0.618647
usf0036_RMLO_L1_CL_M.jpg 4 0.027938 0.026788 0.009459 0.005697 0.004408 0.004066 0.00422 0.004821 0.005421 0.006874 0.008251 0.010178 0.011812 0.012582 0.009622 0.007695 0.005851 0.005397 0.004241 0.004313 0.004383 0.005979 0.010097 0.030244 0.034315 0.735348
usf0038_LCC_L1_MS_B.jpg 4 0.034718 0.032666 0.009627 0.004704 0.003121 0.002458 0.002053 0.002047 0.002086 0.002361 0.00241 0.002774 0.002885 0.003734 0.00254 0.002521 0.002041 0.002452 0.001958 0.002367 0.002786 0.004438 0.009887 0.037098 0.042762 0.781506
usf0038_LCC_L2_CL_M.jpg 4 0.02988 0.0286 0.009577 0.005143 0.003754 0.003388 0.003095 0.003396 0.003704 0.004398 0.004981 0.005409 0.00598 0.006711 0.005006 0.004588 0.003875 0.003875 0.003189 0.003341 0.003641 0.005301 0.009935 0.032605 0.036607 0.770021
usf0038_LMLO_L1_MS_B.jpg 4 0.032734 0.031665 0.009571 0.004926 0.003248 0.002731 0.002582 0.002745 0.002969 0.003583 0.003905 0.004515 0.004735 0.005666 0.00409 0.003839 0.002941 0.003199 0.002377 0.002555 0.003007 0.004704 0.010075 0.035645 0.04067 0.771323
usf0038_LMLO_L2_CL_M.jpg 4 0.028127 0.027098 0.008474 0.004715 0.003518 0.003213 0.003313 0.003848 0.004745 0.005835 0.007434 0.008853 0.00951 0.010324 0.007685 0.006646 0.004803 0.004233 0.00311 0.003268 0.003321 0.004875 0.009145 0.030789 0.034157 0.758961
usf0040_LCC_L1_MS_M.jpg 5 0.035113 0.033329 0.009685 0.004842 0.003147 0.002351 0.001997 0.002035 0.002158 0.002294 0.002406 0.0027 0.002787 0.003927 0.00262 0.002716 0.00225 0.002551 0.002001 0.002566 0.002889 0.00485 0.010174 0.038586 0.04498 0.775046
usf0040_LMLO_L1_MS_M.jpg 3 0.023587 0.024277 0.007909 0.004796 0.003875 0.003867 0.003924 0.004656 0.005701 0.007515 0.009692 0.012141 0.013383 0.014522 0.011012 0.008726 0.006257 0.005334 0.004055 0.003879 0.003522 0.00467 0.008439 0.028023 0.029826 0.746412
usf0041_RCC_L1_MS_M.jpg 4 0.027576 0.025937 0.00969 0.005847 0.004465 0.004124 0.004332 0.005013 0.006119 0.00753 0.009458 0.0114 0.011823 0.012294 0.00933 0.007992 0.006151 0.005565 0.004757 0.004891 0.00519 0.006895 0.011269 0.028809 0.033441 0.730102
usf0041_RMLO_L1_MS_M.jpg 4 0.031645 0.028754 0.011399 0.006818 0.004905 0.004165 0.003899 0.004165 0.004894 0.005845 0.007264 0.008492 0.008912 0.009873 0.007541 0.006486 0.005302 0.005185 0.004235 0.004543 0.005171 0.006918 0.012036 0.031885 0.036525 0.733143
usf0042_LCC_L1_MS_M.jpg 5 0.027931 0.025857 0.005962 0.002707 0.001549 0.001201 0.000946 0.001027 0.000938 0.001043 0.000914 0.001288 0.001284 0.001962 0.000982 0.001101 0.000931 0.001218 0.000825 0.001106 0.001274 0.002558 0.006423 0.029945 0.328857 0.550171
usf0042_LMLO_L1_MS_M.jpg 5 0.033003 0.030952 0.007472 0.003326 0.001901 0.001487 0.001379 0.001652 0.001907 0.002498 0.003434 0.006341 0.00887 0.007899 0.003742 0.002564 0.001713 0.001751 0.001247 0.001556 0.00181 0.003346 0.007925 0.036212 0.120844 0.705169
usf0043_RCC_L1_MS_M.jpg 5 0.031751 0.030567 0.009129 0.004942 0.003503 0.003005 0.00292 0.00312 0.003527 0.003916 0.004874 0.005154 0.005042 0.005822 0.004233 0.004021 0.003175 0.003343 0.002785 0.00302 0.003232 0.004809 0.00952 0.034531 0.03858 0.771479
usf0043_RMLO_L1_MS_M.jpg 5 0.028555 0.027028 0.008158 0.004789 0.003865 0.00359 0.003916 0.004556 0.005536 0.006876 0.00897 0.010345 0.010913 0.011735 0.008856 0.007607 0.005578 0.005119 0.00374 0.003734 0.003674 0.005129 0.008681 0.031829 0.036123 0.741098
usf0044_LCC_L1_MS_B.jpg 3 0.030397 0.02916 0.009217 0.00504 0.00367 0.003189 0.003109 0.003452 0.003874 0.004516 0.004995 0.0056 0.005784 0.006812 0.00519 0.004809 0.00378 0.003964 0.003049 0.003396 0.003661 0.005606 0.010343 0.034594 0.039838 0.762955
usf0044_LMLO_L2_MS_B.jpg 5 0.029975 0.028358 0.010127 0.005841 0.004173 0.003698 0.003384 0.003764 0.004344 0.005368 0.006326 0.00772 0.008182 0.00884 0.006491 0.005427 0.004198 0.004126 0.003292 0.003666 0.004185 0.006058 0.011189 0.032927 0.037545 0.750796
usf0045_RCC_L1_CL_M.jpg 5 0.028404 0.028133 0.009266 0.005216 0.004117 0.003962 0.003872 0.004318 0.004873 0.005854 0.006886 0.007445 0.007797 0.008561 0.006921 0.00626 0.005019 0.004848 0.004073 0.004147 0.003856 0.005564 0.010551 0.031225 0.035237 0.753595
usf0045_RMLO_L1_CL_M.jpg 5 0.026889 0.025756 0.009557 0.005978 0.004671 0.004606 0.004379 0.005074 0.005587 0.006864 0.007898 0.008595 0.009122 0.010166 0.008457 0.007751 0.006667 0.006368 0.005463 0.005603 0.005383 0.007192 0.012295 0.031123 0.03665 0.731906
usf0046_LMLO_L1_MS_M.jpg 5 0.035446 0.034202 0.008623 0.003881 0.002389 0.001947 0.001718 0.001666 0.001876 0.002168 0.002546 0.002592 0.002725 0.003523 0.00225 0.002101 0.001622 0.00199 0.001443 0.001736 0.001999 0.003596 0.009331 0.03862 0.045064 0.784946
usf0047_LCC_L1_CL_M.jpg 5 0.036986 0.0335 0.010404 0.005499 0.003626 0.002858 0.00242 0.002448 0.002425 0.002529 0.002643 0.002863 0.00295 0.003757 0.002638 0.002793 0.002359 0.002846 0.002288 0.003073 0.003493 0.005582 0.011149 0.038295 0.044779 0.765797
usf0047_LMLO_L1_MS_M.jpg 5 0.034301 0.03045 0.011825 0.007195 0.005263 0.004364 0.003882 0.004008 0.004305 0.004515 0.005097 0.00541 0.005746 0.00663 0.005354 0.005031 0.004202 0.004415 0.004003 0.004462 0.005177 0.007456 0.012689 0.034063 0.041575 0.738582
usf0048_RMLO_L1_MS_M.jpg 5 0.017263 0.01696 0.005447 0.003258 0.002312 0.00215 0.002015 0.002435 0.002944 0.003702 0.004855 0.008744 0.012852 0.016889 0.006539 0.005437 0.003886 0.004332 0.002767 0.003217 0.002976 0.004787 0.008547 0.026613 0.324476 0.504597
usf0052_RCC_L1_MS_M.jpg 4 0.017738 0.016557 0.006025 0.003711 0.002857 0.00267 0.002495 0.002858 0.003379 0.00413 0.004689 0.005751 0.006129 0.006148 0.004998 0.004343 0.003621 0.003376 0.002819 0.002837 0.002971 0.003846 0.00648 0.017626 0.415646 0.4463
usf0057_RCC_L1_CL_M.jpg 4 0.036263 0.033907 0.009287 0.004207 0.00277 0.002062 0.001802 0.001701 0.001522 0.001713 0.001722 0.001948 0.002078 0.003082 0.001741 0.001915 0.001526 0.00209 0.001642 0.002071 0.002496 0.004253 0.009855 0.039034 0.045148 0.784165
usf0057_RMLO_L1_CL_M.jpg 4 0.029587 0.028625 0.008852 0.004625 0.003463 0.003259 0.002991 0.003345 0.003815 0.004752 0.006062 0.007481 0.008261 0.008474 0.006191 0.004913 0.003612 0.003444 0.00269 0.003066 0.003083 0.004614 0.009519 0.033094 0.036573 0.765609
usf0059_LCC_L1_MS_M.jpg 5 0.027315 0.026423 0.008954 0.0053 0.004125 0.004012 0.004114 0.004955 0.005837 0.007287 0.009107 0.010107 0.010332 0.010996 0.008781 0.007396 0.005711 0.005057 0.004057 0.004012 0.003943 0.005364 0.009503 0.02957 0.032645 0.745097
usf0059_LMLO_L1_MS_M.jpg 5 0.0263 0.02542 0.007961 0.004717 0.003737 0.003669 0.003946 0.004942 0.0067 0.008972 0.012273 0.015603 0.017501 0.017002 0.012494 0.009336 0.006514 0.005422 0.003875 0.003599 0.003552 0.004809 0.008363 0.02917 0.034478 0.719645
usf0060_LCC_L1_CL_M.jpg 4 0.02552 0.024182 0.009601 0.006491 0.005423 0.005626 0.005851 0.006834 0.007888 0.009472 0.011036 0.012567 0.012854 0.013601 0.011046 0.009835 0.007882 0.00689 0.005885 0.005601 0.005676 0.006882 0.010526 0.027492 0.030977 0.714362
usf0060_LMLO_L1_CL_M.jpg 4 0.029105 0.027007 0.010456 0.006646 0.005087 0.004858 0.004852 0.005556 0.006104 0.006932 0.007637 0.008897 0.00902 0.010121 0.008164 0.007795 0.006351 0.006062 0.00519 0.00524 0.005544 0.007133 0.011433 0.029498 0.034478 0.730834
usf0060_RCC_L1_MS_B.jpg 3 0.027022 0.025806 0.009344 0.005728 0.004574 0.004381 0.004527 0.005148 0.006079 0.007105 0.008465 0.009525 0.009881 0.010958 0.009013 0.0081 0.006698 0.006032 0.004972 0.005012 0.005208 0.006535 0.010786 0.029013 0.032948 0.73714
usf0060_RMLO_L1_MS_B.jpg 3 0.026079 0.024674 0.009938 0.00645 0.005006 0.004766 0.005063 0.005918 0.006916 0.008244 0.009783 0.011726 0.012547 0.013433 0.010664 0.009417 0.007532 0.007033 0.005642 0.00569 0.005795 0.007279 0.011341 0.028937 0.03369 0.716437
usf0061_RMLO_L1_MS_M.jpg 5 0.033075 0.03132 0.008692 0.004967 0.003721 0.003358 0.003181 0.003387 0.00369 0.004228 0.004632 0.005243 0.005746 0.006604 0.005168 0.004836 0.003832 0.003905 0.003102 0.003336 0.003543 0.005038 0.009318 0.035663 0.041872 0.758543
usf0062_LCC_L1_MS_B.jpg 3 0.029596 0.029197 0.009296 0.004943 0.003464 0.002903 0.002952 0.003266 0.003884 0.004722 0.005702 0.006683 0.007232 0.00789 0.005758 0.005166 0.003933 0.003718 0.003094 0.003318 0.003717 0.005493 0.010545 0.033469 0.038309 0.76175
usf0062_LCC_L2_MS_M.jpg 3 0.028536 0.027551 0.009159 0.005153 0.003689 0.003498 0.003494 0.003921 0.004713 0.00562 0.006675 0.007732 0.008222 0.009074 0.006974 0.006359 0.005007 0.004916 0.003981 0.004024 0.004217 0.005582 0.009785 0.031229 0.034607 0.756282
usf0062_LMLO_L1_MS_M.jpg 4 0.027829 0.027156 0.008573 0.004801 0.003422 0.003031 0.003059 0.003456 0.003991 0.004562 0.005659 0.006143 0.006639 0.007727 0.005814 0.005422 0.004441 0.004321 0.003377 0.003663 0.004036 0.005958 0.010801 0.033394 0.038374 0.764351
usf0063_RCC_L1_CL_M.jpg 5 0.021077 0.018626 0.007953 0.005576 0.004365 0.004134 0.004234 0.004849 0.005821 0.007639 0.009356 0.012021 0.013088 0.013322 0.010314 0.008675 0.006642 0.005995 0.004866 0.004814 0.004954 0.006236 0.009983 0.024596 0.210425 0.570439
usf0063_RCC_L2_CL_M.jpg 5 0.015437 0.013785 0.005838 0.00402 0.003227 0.003097 0.003319 0.004134 0.005122 0.00693 0.009083 0.011523 0.013052 0.012267 0.009213 0.007518 0.005717 0.004997 0.003785 0.003598 0.003449 0.004446 0.006738 0.017392 0.39772 0.424593
usf0063_RMLO_L1_CL_M.jpg 5 0.018617 0.016862 0.006276 0.004056 0.00317 0.00306 0.002832 0.003077 0.003196 0.00377 0.004 0.004599 0.004594 0.005425 0.004381 0.004026 0.003555 0.003461 0.002811 0.003216 0.003318 0.004753 0.008092 0.020674 0.396418 0.461761
usf0063_RMLO_L2_CL_M.jpg 5 0.024928 0.022958 0.008404 0.00541 0.003967 0.004066 0.003921 0.004498 0.004777 0.005732 0.006184 0.007123 0.007591 0.008361 0.006969 0.006619 0.005352 0.005253 0.004375 0.00464 0.004825 0.00686 0.011268 0.029393 0.139153 0.657373
usf0064_LCC_L1_MS_B.jpg 3 0.030817 0.028817 0.006819 0.003927 0.00321 0.003265 0.003672 0.004624 0.006011 0.007984 0.010644 0.012543 0.013371 0.01346 0.009966 0.008064 0.006052 0.005235 0.003715 0.003614 0.003285 0.004319 0.007484 0.034502 0.042622 0.721978
usf0064_LMLO_L1_MS_B.jpg 3 0.027506 0.025911 0.00699 0.00448 0.003795 0.004106 0.004953 0.006232 0.007843 0.010155 0.013544 0.016341 0.017031 0.016977 0.012751 0.010384 0.007571 0.006429 0.004673 0.0044 0.004001 0.005113 0.007842 0.030566 0.036535 0.703871
usf0064_RCC_L1_CL_M.jpg 5 0.027957 0.025631 0.010604 0.007088 0.005845 0.005295 0.005371 0.006344 0.007332 0.008671 0.010161 0.011853 0.012278 0.013016 0.010819 0.009552 0.007642 0.007103 0.005925 0.005836 0.00582 0.007289 0.010812 0.028617 0.03329 0.709849
usf0065_LCC_L1_MS_M.jpg 4 0.020137 0.018331 0.007194 0.004738 0.003714 0.003166 0.003075 0.003616 0.003923 0.004526 0.00545 0.006648 0.006642 0.007763 0.005751 0.005152 0.004272 0.004006 0.003397 0.003649 0.003812 0.005291 0.009055 0.023473 0.311242 0.521977
usf0065_LMLO_L1_MS_M.jpg 4 0.028532 0.02719 0.008744 0.005325 0.004353 0.004276 0.004321 0.00504 0.005945 0.007507 0.00865 0.01043 0.011117 0.011245 0.008723 0.00725 0.0056 0.005145 0.003972 0.003881 0.003749 0.005266 0.009234 0.031406 0.037294 0.735805
usf0067_LMLO_L1_MS_M.jpg 4 0.02898 0.027446 0.00964 0.005695 0.004009 0.003715 0.003503 0.003639 0.004022 0.004635 0.005136 0.006193 0.006298 0.006908 0.005505 0.00507 0.004163 0.004179 0.003499 0.00364 0.004099 0.005755 0.010622 0.032108 0.095571 0.70597
usf0068_RCC_L1_CL_M.jpg 5 0.029767 0.02744 0.009938 0.006165 0.004636 0.004284 0.00423 0.004668 0.00522 0.006402 0.007383 0.008776 0.009163 0.01021 0.007914 0.0071 0.005772 0.005414 0.004378 0.004566 0.004558 0.006408 0.010898 0.031323 0.035448 0.737939
usf0068_RCC_L2_MS_M.jpg 5 0.028176 0.026154 0.009879 0.006268 0.004802 0.004529 0.004621 0.005207 0.005991 0.007045 0.008483 0.009672 0.00989 0.011258 0.008964 0.008026 0.006428 0.005976 0.004889 0.004871 0.004994 0.006664 0.011135 0.030235 0.034692 0.731151
usf0068_RMLO_L1_CL_M.jpg 5 0.033598 0.031193 0.010202 0.005829 0.004083 0.003643 0.003387 0.003332 0.003607 0.004043 0.004511 0.005117 0.005282 0.006099 0.004675 0.00426 0.003688 0.00356 0.003026 0.003253 0.003584 0.00531 0.009859 0.034896 0.040442 0.759521
usf0068_RMLO_L2_MS_M.jpg 5 0.031114 0.029816 0.008737 0.004867 0.003407 0.003314 0.003244 0.003642 0.004054 0.004907 0.005747 0.00666 0.007105 0.008139 0.006219 0.005484 0.004257 0.004109 0.003155 0.003383 0.003357 0.004958 0.008925 0.03348 0.038157 0.759763
usf0069_RCC_L1_MS_M.jpg 5 0.02446 0.022832 0.008882 0.006289 0.00499 0.004984 0.004993 0.006097 0.007689 0.009858 0.012344 0.015393 0.016934 0.01787 0.013699 0.011249 0.008465 0.007047 0.005354 0.004942 0.004937 0.00608 0.009509 0.026448 0.06272 0.675935
usf0069_RMLO_L1_MS_M.jpg 5 0.027369 0.02574 0.010398 0.006853 0.005501 0.004986 0.005162 0.00586 0.006879 0.008845 0.012206 0.016853 0.020698 0.021021 0.01405 0.010246 0.007538 0.006635 0.005229 0.005418 0.005186 0.006623 0.010526 0.028889 0.034348 0.686941
usf0070_LCC_L1_MS_M.jpg 4 0.023226 0.024866 0.008429 0.004295 0.003404 0.003513 0.003644 0.003965 0.004509 0.006095 0.007074 0.008197 0.008865 0.009645 0.007633 0.006676 0.005091 0.004896 0.004159 0.004016 0.003667 0.005211 0.01037 0.027855 0.029228 0.771471
usf0070_LMLO_L1_MS_M.jpg 4 0.026188 0.025848 0.008734 0.005059 0.003805 0.003749 0.00375 0.00433 0.005091 0.0067 0.008348 0.0101 0.010724 0.011631 0.008783 0.007663 0.006069 0.005514 0.00424 0.004292 0.00418 0.005557 0.009804 0.029153 0.031229 0.749459
usf0073_RMLO_L1_MS_M.jpg 3 0.031597 0.027477 0.011927 0.008461 0.006779 0.005997 0.005612 0.00591 0.006353 0.007293 0.008095 0.009281 0.009798 0.010674 0.008508 0.007917 0.006561 0.006334 0.005475 0.005712 0.006217 0.008232 0.012152 0.031281 0.038641 0.707716
usf0074_LCC_L1_MS_M.jpg 5 0.027821 0.026522 0.007926 0.004639 0.003564 0.003471 0.003501 0.004249 0.005138 0.006872 0.009341 0.012214 0.013533 0.013499 0.009488 0.007292 0.005077 0.004674 0.003451 0.003524 0.003523 0.004891 0.008874 0.030976 0.034773 0.741167
usf0074_LMLO_L1_MS_M.jpg 5 0.026056 0.024678 0.008877 0.005328 0.004115 0.004219 0.004437 0.005454 0.006882 0.009078 0.011564 0.014969 0.017282 0.017016 0.012589 0.009775 0.006938 0.0062 0.004643 0.004454 0.004441 0.005694 0.009747 0.028492 0.03244 0.714632
usf0075_LCC_L1_MS_M.jpg 5 0.02916 0.028126 0.009121 0.005086 0.003644 0.003216 0.003179 0.003668 0.004318 0.005115 0.006106 0.007028 0.007329 0.008336 0.00631 0.005757 0.004537 0.004341 0.003346 0.00376 0.003947 0.005882 0.01046 0.032711 0.038148 0.757369
usf0077_RCC_L1_MS_M.jpg 4 0.019126 0.017753 0.006223 0.00449 0.003881 0.003808 0.004179 0.005208 0.00656 0.00861 0.011155 0.015664 0.018036 0.017294 0.011776 0.009518 0.007133 0.006234 0.004655 0.004286 0.003928 0.004572 0.006746 0.021814 0.278458 0.498893
usf0077_RMLO_L1_MS_M.jpg 4 0.024288 0.023128 0.00894 0.006151 0.004923 0.004761 0.004657 0.005274 0.006306 0.007529 0.009044 0.01058 0.011194 0.011663 0.009626 0.0085 0.006533 0.005756 0.004939 0.004981 0.005102 0.006422 0.009722 0.026516 0.143273 0.630192
usf0078_LCC_L2_CL_M.jpg 5 0.024482 0.023407 0.009422 0.006396 0.005117 0.005059 0.00533 0.006504 0.007662 0.009869 0.011965 0.014642 0.015923 0.017136 0.013728 0.011676 0.009191 0.008206 0.006613 0.006646 0.006445 0.007567 0.011173 0.027035 0.031155 0.697651
usf0078_LCC_L3_CL_M.jpg 5 0.025258 0.024376 0.008417 0.005509 0.004219 0.003824 0.00401 0.005043 0.006786 0.009356 0.013027 0.018691 0.020878 0.020664 0.015108 0.011324 0.007322 0.006141 0.004567 0.004648 0.004593 0.006183 0.009903 0.029495 0.034696 0.695962
usf0078_LCC_L4_CL_M.jpg 5 0.023745 0.023108 0.009234 0.006168 0.004829 0.004635 0.005191 0.006392 0.007976 0.0108 0.014357 0.019057 0.021898 0.022412 0.016373 0.012154 0.008111 0.006821 0.005226 0.005034 0.005264 0.006607 0.010074 0.026469 0.029781 0.688284
usf0078_LCC_L5_CL_M.jpg 5 0.028931 0.028206 0.00865 0.005027 0.003595 0.003349 0.00338 0.004353 0.005678 0.007623 0.010758 0.014659 0.01752 0.018178 0.012322 0.008766 0.005832 0.004677 0.00339 0.003461 0.003631 0.005054 0.008894 0.032804 0.038275 0.712987
usf0080_LMLO_L1_MS_M.jpg 4 0.027144 0.026896 0.008269 0.004635 0.003437 0.00333 0.003122 0.003782 0.00446 0.005315 0.006127 0.007219 0.007568 0.008289 0.006671 0.006017 0.004715 0.004425 0.003597 0.003749 0.00386 0.005392 0.009932 0.031507 0.035115 0.765427
usf0082_LCC_L1_MS_M.jpg 5 0.034887 0.032843 0.009742 0.005104 0.003387 0.002784 0.002537 0.002807 0.003215 0.003894 0.005051 0.005745 0.005975 0.00671 0.004923 0.004145 0.003022 0.003005 0.002294 0.002599 0.002955 0.004639 0.009624 0.036499 0.042129 0.759485
usf0082_LMLO_L1_MS_M.jpg 5 0.029202 0.027472 0.008777 0.005189 0.003652 0.003311 0.003335 0.00418 0.005293 0.007253 0.010251 0.012847 0.014316 0.014291 0.010001 0.007631 0.00518 0.004295 0.003087 0.002997 0.003155 0.004726 0.008845 0.031555 0.035547 0.733612
usf0085_RCC_L1_MS_M.jpg 5 0.028535 0.027099 0.009699 0.005763 0.0045 0.00448 0.004436 0.005145 0.006025 0.007474 0.00883 0.010489 0.01088 0.011575 0.009285 0.007906 0.006398 0.006048 0.004925 0.004871 0.00505 0.006543 0.010664 0.030981 0.036407 0.725992
usf0085_RMLO_L1_MS_M.jpg 5 0.032437 0.030834 0.007822 0.003922 0.002897 0.002703 0.002832 0.003518 0.004451 0.006198 0.008358 0.011019 0.012204 0.012198 0.008103 0.006502 0.004724 0.004066 0.002937 0.003081 0.002904 0.00417 0.008512 0.03537 0.0409 0.737338
usf0086_RCC_L1_MS_M.jpg 5 0.026868 0.02715 0.007051 0.002918 0.001767 0.001391 0.001277 0.001236 0.001201 0.001386 0.001533 0.001773 0.002087 0.002853 0.001504 0.001618 0.001181 0.001567 0.001154 0.001541 0.001667 0.003088 0.00795 0.030303 0.209012 0.658924
usf0086_RMLO_L1_MS_M.jpg 5 0.031929 0.032124 0.008163 0.003595 0.002293 0.002002 0.001765 0.001942 0.002027 0.002357 0.002699 0.003056 0.003246 0.004188 0.002869 0.002628 0.002075 0.002362 0.00177 0.002214 0.002446 0.003938 0.009085 0.036259 0.039443 0.793525
usf0087_LCC_L2_CL_M.jpg 5 0.027704 0.025908 0.008952 0.005542 0.004269 0.003886 0.004078 0.004935 0.006075 0.008183 0.010964 0.014744 0.016585 0.016756 0.011714 0.00902 0.006315 0.005538 0.004149 0.004162 0.003993 0.005494 0.009567 0.030535 0.035786 0.715146
usf0087_LMLO_L1_CL_M.jpg 5 0.027974 0.026312 0.009265 0.005665 0.003852 0.003383 0.00295 0.003257 0.003237 0.003834 0.004284 0.005286 0.005802 0.006436 0.004664 0.004317 0.003642 0.003721 0.003146 0.003511 0.003995 0.005781 0.010755 0.032412 0.132323 0.680196
usf0087_LMLO_L2_CL_M.jpg 5 0.030068 0.028014 0.010929 0.00647 0.004967 0.004489 0.004417 0.004809 0.005497 0.006295 0.00756 0.008813 0.009368 0.010122 0.007902 0.006825 0.005594 0.005202 0.004207 0.004516 0.004837 0.006751 0.011421 0.031608 0.036552 0.732767
usf0087_LMLO_L3_CL_M.jpg 5 0.027784 0.025343 0.010407 0.006693 0.005432 0.005337 0.005281 0.006025 0.006754 0.008199 0.009701 0.011402 0.012446 0.013214 0.010529 0.00912 0.007366 0.006509 0.005398 0.005358 0.00553 0.007227 0.01103 0.02876 0.033377 0.715778
usf0090_LCC_L1_CL_M.jpg 4 0.027782 0.02578 0.007878 0.005252 0.004138 0.004239 0.004616 0.005711 0.007162 0.009537 0.012116 0.015166 0.015969 0.016185 0.012438 0.009971 0.007347 0.006305 0.004737 0.0047 0.004362 0.005731 0.009009 0.030418 0.036645 0.706806
usf0090_LMLO_L1_CL_M.jpg 4 0.023593 0.021221 0.009665 0.00693 0.006439 0.006663 0.007675 0.009212 0.011304 0.01404 0.017248 0.020599 0.021551 0.02209 0.018181 0.015221 0.011892 0.010067 0.007981 0.007247 0.006684 0.007304 0.01009 0.023409 0.027447 0.656247
usf0091_LCC_L1_MS_M.jpg 5 0.021309 0.019326 0.008038 0.005258 0.00422 0.003902 0.003637 0.003949 0.004379 0.00518 0.005633 0.007022 0.007312 0.007837 0.006057 0.005445 0.004469 0.004157 0.003472 0.003663 0.003664 0.004963 0.007814 0.021229 0.318926 0.509139
usf0092_RCC_L1_CL_M.jpg 5 0.024057 0.022344 0.00825 0.005109 0.003596 0.003291 0.003066 0.003381 0.003638 0.004437 0.004837 0.005825 0.005988 0.006873 0.005186 0.005224 0.004462 0.004716 0.004273 0.005079 0.005651 0.007926 0.013189 0.032464 0.170123 0.637015
usf0092_RMLO_L1_CL_M.jpg 5 0.026537 0.024865 0.00845 0.004911 0.003629 0.003572 0.003897 0.005114 0.006394 0.008548 0.011146 0.013873 0.014944 0.01572 0.011959 0.009858 0.007206 0.006283 0.004752 0.004734 0.004984 0.006667 0.010846 0.030946 0.037601 0.712564
usf0093_LCC_L1_CL_M.jpg 5 0.027835 0.025749 0.010106 0.00643 0.005112 0.004889 0.004931 0.005526 0.006458 0.007364 0.007855 0.008567 0.009019 0.010193 0.008611 0.007901 0.00695 0.006543 0.005444 0.005687 0.005839 0.007317 0.011535 0.029784 0.034402 0.729953
usf0093_LMLO_L1_CL_M.jpg 5 0.026312 0.024087 0.009529 0.006862 0.005988 0.0056 0.005924 0.006861 0.0082 0.010391 0.012686 0.015809 0.017263 0.017124 0.012889 0.010667 0.00817 0.007267 0.005879 0.005757 0.005659 0.006916 0.010424 0.027212 0.031562 0.694962
usf0095_RCC_L1_MS_M.jpg 4 0.02274 0.023005 0.006879 0.003741 0.002581 0.002525 0.002607 0.003171 0.003684 0.004513 0.005313 0.006428 0.007072 0.007832 0.005806 0.00507 0.003885 0.00363 0.002766 0.003025 0.003178 0.004366 0.008021 0.027115 0.177016 0.654031
usf0095_RMLO_L1_MS_M.jpg 4 0.031592 0.031085 0.008544 0.004157 0.002694 0.002438 0.002324 0.002438 0.002766 0.003325 0.004004 0.0047 0.004998 0.005711 0.004077 0.003829 0.002899 0.002947 0.002292 0.002566 0.002605 0.00433 0.009413 0.035086 0.040043 0.779137
usf0096_RCC_L1_CL_M.jpg 5 0.034285 0.032252 0.009385 0.004867 0.003445 0.002701 0.002525 0.002714 0.00298 0.003376 0.004046 0.004619 0.004901 0.005682 0.003975 0.003606 0.002763 0.002984 0.002292 0.002764 0.003154 0.004745 0.009776 0.036228 0.041754 0.768181
usf0096_RMLO_L1_CL_M.jpg 5 0.033531 0.031257 0.010077 0.005519 0.003801 0.003307 0.002973 0.003063 0.003336 0.00395 0.004512 0.004604 0.004856 0.005612 0.004023 0.003869 0.003327 0.003393 0.002813 0.003231 0.003626 0.005358 0.010177 0.035267 0.040681 0.763837
usf0097_LCC_L1_MS_M.jpg 5 0.020211 0.019175 0.006713 0.004069 0.002958 0.002527 0.002586 0.003149 0.003918 0.004772 0.005942 0.007363 0.00775 0.008052 0.006341 0.005358 0.004 0.003652 0.003002 0.002888 0.003031 0.00434 0.007436 0.022506 0.291757 0.546504
usf0097_LMLO_L1_MS_M.jpg 5 0.034499 0.033214 0.008943 0.00467 0.002859 0.00248 0.002369 0.002425 0.002585 0.002925 0.00335 0.00387 0.003971 0.004848 0.003455 0.00322 0.002582 0.002797 0.002122 0.002544 0.002709 0.004333 0.008866 0.037631 0.042816 0.773917
usf0098_RCC_L1_MS_M.jpg 4 0.015756 0.016177 0.005257 0.003338 0.002577 0.002585 0.002655 0.003601 0.004891 0.007136 0.009578 0.013148 0.01442 0.013941 0.009937 0.007564 0.005532 0.004586 0.003359 0.003249 0.003093 0.004111 0.006936 0.02004 0.305721 0.510812
usf0099_RCC_L1_CL_M.jpg 5 0.022049 0.01992 0.007843 0.004946 0.003708 0.003247 0.003058 0.00325 0.00323 0.003685 0.004027 0.004721 0.004979 0.00549 0.004072 0.003777 0.003293 0.003186 0.002758 0.003073 0.003265 0.004491 0.007828 0.022196 0.345947 0.501961
usf0099_RMLO_L1_CL_M.jpg 5 0.030308 0.026578 0.011359 0.007543 0.005925 0.005248 0.005292 0.005511 0.006042 0.007115 0.007956 0.009615 0.010209 0.011027 0.009198 0.008285 0.006737 0.006178 0.005271 0.005119 0.005277 0.006559 0.010636 0.029736 0.034444 0.722832
usf0100_RCC_L1_MS_M.jpg 5 0.029049 0.027371 0.01045 0.006695 0.004996 0.004913 0.004706 0.005175 0.005823 0.006921 0.008188 0.009036 0.009286 0.010363 0.008543 0.007707 0.006142 0.005702 0.004613 0.004685 0.004829 0.006583 0.01076 0.030327 0.035019 0.732118
usf0100_RMLO_L1_MS_M.jpg 5 0.02854 0.026539 0.010539 0.006663 0.005284 0.005115 0.005049 0.005662 0.006443 0.007827 0.009276 0.011004 0.012048 0.012661 0.009622 0.008176 0.006476 0.005964 0.004946 0.004943 0.005155 0.006617 0.010843 0.029901 0.034083 0.720624
usf0101_RCC_L1_MS_M.jpg 5 0.024731 0.024696 0.008687 0.005379 0.004183 0.004045 0.00397 0.004826 0.005444 0.006559 0.007693 0.009026 0.009679 0.010871 0.008927 0.008243 0.006447 0.006252 0.005038 0.005128 0.005204 0.006743 0.01135 0.032309 0.037666 0.736904
usf0101_RMLO_L1_MS_M.jpg 5 0.023314 0.023914 0.00711 0.004243 0.003058 0.002939 0.003026 0.003843 0.004884 0.006347 0.008238 0.010199 0.011073 0.011666 0.008948 0.007243 0.005591 0.00456 0.003452 0.003342 0.003306 0.004755 0.008748 0.028422 0.095466 0.702313
usf0102_LCC_L1_MS_B.jpg 3 0.023915 0.022626 0.008164 0.005092 0.003829 0.003282 0.003078 0.003463 0.003734 0.004205 0.004766 0.005666 0.005825 0.00644 0.005208 0.005018 0.004111 0.004008 0.003289 0.003482 0.003638 0.004903 0.008073 0.02498 0.255308 0.573897
usf0102_LMLO_L1_MS_B.jpg 3 0.032168 0.030253 0.010231 0.005862 0.00436 0.003918 0.003675 0.003921 0.004281 0.00496 0.00552 0.006506 0.006538 0.007432 0.005899 0.005496 0.004628 0.004354 0.003586 0.003961 0.004152 0.005779 0.010258 0.033584 0.03921 0.749468
usf0102_RCC_L1_MS_M.jpg 5 0.024142 0.022464 0.00869 0.005307 0.003821 0.003445 0.003107 0.003548 0.003954 0.004614 0.005188 0.007092 0.008529 0.009245 0.005454 0.004816 0.003992 0.003912 0.003514 0.003646 0.003941 0.005151 0.008651 0.024918 0.249464 0.569395
usf0102_RMLO_L1_MS_M.jpg 5 0.031014 0.02846 0.011258 0.006948 0.005022 0.004142 0.003853 0.00425 0.00471 0.005989 0.007165 0.009204 0.009776 0.010105 0.007587 0.006457 0.005043 0.004646 0.003882 0.004354 0.004867 0.006743 0.011406 0.032198 0.037546 0.733375
usf0103_LCC_L1_MS_M.jpg 5 0.02718 0.025409 0.008939 0.00543 0.004089 0.003654 0.003584 0.00403 0.004579 0.005371 0.006101 0.007487 0.007911 0.008687 0.006769 0.006141 0.004754 0.004599 0.003575 0.00372 0.003894 0.005353 0.009461 0.029365 0.135767 0.664151
