0 1 0.0298 0.0263 0.0132 0.0095 0.0075 0.0071 0.0070 0.0078 0.0086 0.0097 0.0111 0.0126 0.0130 0.0135 0.0112 0.0099 0.0083 0.0082 0.0066 0.0071 0.0072 0.0086 0.0127 0.0252 0.0298 0.6885 
0 1 0.0291 0.0249 0.0133 0.0095 0.0083 0.0078 0.0086 0.0094 0.0106 0.0128 0.0141 0.0163 0.0168 0.0178 0.0148 0.0129 0.0101 0.0092 0.0078 0.0071 0.0071 0.0085 0.0126 0.0233 0.0282 0.6592 
0 0 0.0308 0.0257 0.0117 0.0071 0.0051 0.0048 0.0048 0.0060 0.0077 0.0099 0.0129 0.0153 0.0159 0.0152 0.0120 0.0098 0.0072 0.0065 0.0047 0.0046 0.0050 0.0069 0.0117 0.0255 0.0610 0.6721 
0 0 0.0422 0.0356 0.0134 0.0064 0.0037 0.0025 0.0020 0.0017 0.0016 0.0016 0.0016 0.0018 0.0020 0.0028 0.0018 0.0022 0.0016 0.0025 0.0019 0.0025 0.0033 0.0061 0.0131 0.0351 0.0411 0.7698 
0 0 0.0447 0.0382 0.0127 0.0069 0.0043 0.0033 0.0025 0.0024 0.0028 0.0025 0.0029 0.0029 0.0027 0.0054 0.0025 0.0040 0.0027 0.0040 0.0024 0.0035 0.0026 0.0055 0.0090 0.0275 0.0294 0.7728 
0 0 0.0426 0.0404 0.0129 0.0065 0.0032 0.0022 0.0024 0.0026 0.0025 0.0027 0.0030 0.0024 0.0036 0.0061 0.0018 0.0048 0.0013 0.0041 0.0009 0.0026 0.0013 0.0032 0.0060 0.0295 0.0333 0.7782 
0 0 0.0442 0.0406 0.0128 0.0071 0.0040 0.0027 0.0019 0.0021 0.0034 0.0028 0.0025 0.0025 0.0032 0.0088 0.0021 0.0060 0.0015 0.0045 0.0010 0.0032 0.0021 0.0046 0.0075 0.0268 0.0302 0.7717 
0 0 0.0460 0.0403 0.0129 0.0064 0.0051 0.0032 0.0028 0.0029 0.0028 0.0024 0.0037 0.0031 0.0049 0.0087 0.0037 0.0058 0.0015 0.0041 0.0006 0.0026 0.0020 0.0035 0.0071 0.0302 0.0345 0.7592 
0 0 0.0487 0.0418 0.0154 0.0069 0.0052 0.0030 0.0028 0.0026 0.0026 0.0025 0.0025 0.0030 0.0037 0.0072 0.0023 0.0051 0.0011 0.0040 0.0004 0.0031 0.0017 0.0039 0.0068 0.0292 0.0320 0.7626 
0 0 0.0419 0.0337 0.0145 0.0092 0.0089 0.0071 0.0058 0.0063 0.0061 0.0072 0.0085 0.0085 0.0094 0.0141 0.0074 0.0093 0.0045 0.0059 0.0029 0.0028 0.0028 0.0054 0.0084 0.0247 0.0269 0.7176 
0 0 0.0506 0.0453 0.0169 0.0090 0.0045 0.0024 0.0020 0.0025 0.0024 0.0019 0.0021 0.0019 0.0019 0.0049 0.0013 0.0035 0.0009 0.0027 0.0012 0.0028 0.0020 0.0047 0.0096 0.0305 0.0375 0.7552 
0 0 0.0447 0.0358 0.0159 0.0100 0.0056 0.0041 0.0042 0.0030 0.0034 0.0036 0.0036 0.0037 0.0049 0.0082 0.0031 0.0051 0.0020 0.0051 0.0016 0.0035 0.0024 0.0057 0.0077 0.0290 0.0306 0.7536 
0 0 0.0491 0.0422 0.0118 0.0063 0.0041 0.0022 0.0021 0.0016 0.0014 0.0012 0.0013 0.0022 0.0018 0.0033 0.0010 0.0033 0.0008 0.0037 0.0007 0.0024 0.0017 0.0034 0.0075 0.0327 0.0385 0.7738 
0 0 0.0469 0.0385 0.0124 0.0091 0.0046 0.0045 0.0030 0.0039 0.0048 0.0071 0.0079 0.0029 0.0044 0.0073 0.0029 0.0054 0.0021 0.0050 0.0018 0.0025 0.0018 0.0038 0.0069 0.0282 0.0336 0.7487 
0 0 0.0366 0.0317 0.0145 0.0099 0.0077 0.0059 0.0054 0.0046 0.0052 0.0058 0.0069 0.0083 0.0082 0.0100 0.0070 0.0074 0.0046 0.0055 0.0034 0.0039 0.0038 0.0052 0.0093 0.0278 0.0300 0.7319 
0 0 0.0383 0.0320 0.0150 0.0110 0.0084 0.0080 0.0067 0.0069 0.0074 0.0079 0.0083 0.0088 0.0092 0.0116 0.0075 0.0086 0.0054 0.0068 0.0042 0.0048 0.0046 0.0068 0.0094 0.0263 0.0287 0.7075 
0 0 0.0519 0.0400 0.0125 0.0085 0.0075 0.0056 0.0050 0.0034 0.0044 0.0039 0.0030 0.0038 0.0032 0.0067 0.0033 0.0059 0.0014 0.0062 0.0017 0.0031 0.0020 0.0046 0.0097 0.0263 0.0336 0.7429 
0 0 0.0438 0.0401 0.0163 0.0093 0.0063 0.0052 0.0052 0.0033 0.0027 0.0043 0.0034 0.0037 0.0044 0.0068 0.0032 0.0050 0.0033 0.0052 0.0023 0.0039 0.0033 0.0059 0.0104 0.0270 0.0334 0.7424 
0 0 0.0380 0.0318 0.0152 0.0097 0.0064 0.0051 0.0051 0.0050 0.0064 0.0069 0.0097 0.0119 0.0143 0.0169 0.0103 0.0093 0.0049 0.0055 0.0036 0.0046 0.0039 0.0051 0.0091 0.0257 0.0292 0.7062 
0 0 0.0452 0.0286 0.0212 0.0202 0.0177 0.0127 0.0128 0.0121 0.0101 0.0111 0.0114 0.0131 0.0150 0.0165 0.0111 0.0118 0.0073 0.0070 0.0058 0.0056 0.0043 0.0077 0.0098 0.0230 0.0225 0.6367 
0 0 0.0228 0.0197 0.0114 0.0083 0.0090 0.0099 0.0121 0.0186 0.0292 0.0331 0.0410 0.0467 0.0402 0.0373 0.0275 0.0218 0.0142 0.0111 0.0061 0.0065 0.0047 0.0061 0.0049 0.0106 0.0147 0.5326 
0 0 0.0260 0.0180 0.0114 0.0111 0.0113 0.0143 0.0202 0.0211 0.0273 0.0361 0.0495 0.0495 0.0489 0.0468 0.0372 0.0275 0.0184 0.0178 0.0116 0.0080 0.0057 0.0047 0.0049 0.0106 0.0133 0.4488 
0 0 0.0288 0.0230 0.0132 0.0090 0.0085 0.0089 0.0098 0.0118 0.0131 0.0153 0.0169 0.0184 0.0204 0.0208 0.0171 0.0149 0.0121 0.0107 0.0089 0.0077 0.0069 0.0077 0.0103 0.0206 0.0243 0.6410 
0 0 0.0324 0.0246 0.0142 0.0104 0.0088 0.0091 0.0083 0.0103 0.0133 0.0161 0.0175 0.0182 0.0181 0.0201 0.0165 0.0145 0.0114 0.0111 0.0083 0.0089 0.0079 0.0087 0.0100 0.0192 0.0247 0.6371 
0 1 0.0300 0.0314 0.0082 0.0032 0.0021 0.0020 0.0018 0.0016 0.0016 0.0021 0.0023 0.0025 0.0027 0.0033 0.0022 0.0023 0.0017 0.0022 0.0019 0.0023 0.0022 0.0040 0.0098 0.0310 0.0326 0.8129 
0 1 0.0344 0.0326 0.0102 0.0053 0.0038 0.0031 0.0028 0.0028 0.0031 0.0035 0.0040 0.0044 0.0046 0.0051 0.0039 0.0036 0.0028 0.0030 0.0025 0.0029 0.0032 0.0051 0.0102 0.0329 0.0364 0.7740 
0 0 0.0310 0.0236 0.0175 0.0129 0.0110 0.0102 0.0106 0.0112 0.0128 0.0145 0.0178 0.0206 0.0229 0.0234 0.0188 0.0160 0.0130 0.0120 0.0104 0.0102 0.0097 0.0115 0.0158 0.0217 0.0295 0.5915 
0 1 0.0387 0.0327 0.0125 0.0074 0.0053 0.0046 0.0046 0.0044 0.0052 0.0054 0.0060 0.0063 0.0067 0.0079 0.0057 0.0055 0.0041 0.0052 0.0038 0.0049 0.0049 0.0064 0.0099 0.0287 0.0333 0.7400 
0 1 0.0370 0.0313 0.0131 0.0082 0.0068 0.0065 0.0054 0.0062 0.0060 0.0065 0.0064 0.0070 0.0069 0.0092 0.0066 0.0078 0.0052 0.0064 0.0046 0.0056 0.0055 0.0071 0.0097 0.0256 0.0277 0.7316 
0 1 0.0254 0.0186 0.0117 0.0086 0.0071 0.0075 0.0083 0.0108 0.0148 0.0207 0.0289 0.0366 0.0408 0.0386 0.0288 0.0221 0.0151 0.0120 0.0086 0.0072 0.0069 0.0073 0.0100 0.0172 0.0432 0.5433 
0 1 0.0347 0.0238 0.0156 0.0115 0.0097 0.0091 0.0096 0.0106 0.0112 0.0123 0.0143 0.0158 0.0171 0.0175 0.0144 0.0141 0.0112 0.0100 0.0083 0.0076 0.0076 0.0089 0.0129 0.0221 0.0281 0.6420 
0 0 0.0284 0.0225 0.0140 0.0114 0.0097 0.0094 0.0098 0.0111 0.0120 0.0149 0.0178 0.0213 0.0229 0.0242 0.0187 0.0156 0.0123 0.0106 0.0091 0.0085 0.0084 0.0102 0.0135 0.0222 0.0285 0.6130 
0 0 0.0339 0.0297 0.0132 0.0084 0.0064 0.0057 0.0054 0.0057 0.0060 0.0067 0.0074 0.0085 0.0088 0.0093 0.0074 0.0067 0.0056 0.0055 0.0047 0.0049 0.0056 0.0074 0.0126 0.0304 0.0354 0.7187 
0 1 0.0246 0.0230 0.0096 0.0067 0.0060 0.0059 0.0063 0.0085 0.0109 0.0155 0.0197 0.0240 0.0253 0.0252 0.0194 0.0145 0.0097 0.0075 0.0055 0.0053 0.0049 0.0057 0.0084 0.0199 0.0250 0.6631 
0 1 0.0276 0.0234 0.0113 0.0081 0.0081 0.0081 0.0101 0.0113 0.0131 0.0150 0.0171 0.0182 0.0195 0.0200 0.0164 0.0139 0.0111 0.0102 0.0085 0.0072 0.0071 0.0071 0.0094 0.0210 0.0244 0.6528 
0 0 0.0319 0.0290 0.0116 0.0072 0.0054 0.0050 0.0055 0.0056 0.0063 0.0068 0.0079 0.0078 0.0083 0.0095 0.0068 0.0069 0.0054 0.0052 0.0035 0.0039 0.0036 0.0050 0.0092 0.0266 0.0306 0.7455 
0 0 0.0263 0.0242 0.0105 0.0078 0.0068 0.0063 0.0066 0.0076 0.0091 0.0121 0.0154 0.0182 0.0197 0.0198 0.0167 0.0128 0.0084 0.0078 0.0059 0.0053 0.0047 0.0058 0.0087 0.0207 0.0231 0.6895 
0 0 0.0364 0.0263 0.0161 0.0129 0.0132 0.0130 0.0116 0.0108 0.0107 0.0120 0.0122 0.0136 0.0134 0.0151 0.0111 0.0128 0.0084 0.0085 0.0068 0.0065 0.0059 0.0088 0.0121 0.0216 0.0238 0.6564 
0 0 0.0274 0.0192 0.0114 0.0096 0.0085 0.0081 0.0097 0.0126 0.0185 0.0263 0.0346 0.0407 0.0444 0.0446 0.0312 0.0243 0.0168 0.0131 0.0078 0.0064 0.0047 0.0050 0.0073 0.0135 0.0174 0.5369 
0 0 0.0295 0.0181 0.0137 0.0125 0.0125 0.0131 0.0147 0.0201 0.0244 0.0333 0.0357 0.0382 0.0386 0.0432 0.0348 0.0278 0.0168 0.0157 0.0118 0.0088 0.0075 0.0069 0.0073 0.0104 0.0138 0.4906 
0 1 0.0368 0.0247 0.0159 0.0125 0.0119 0.0109 0.0110 0.0127 0.0135 0.0147 0.0161 0.0191 0.0187 0.0182 0.0158 0.0156 0.0115 0.0109 0.0084 0.0083 0.0080 0.0090 0.0116 0.0195 0.0276 0.6170 
0 1 0.0348 0.0269 0.0159 0.0120 0.0107 0.0090 0.0095 0.0108 0.0118 0.0131 0.0139 0.0163 0.0167 0.0182 0.0132 0.0131 0.0094 0.0096 0.0063 0.0076 0.0070 0.0099 0.0144 0.0212 0.0232 0.6456 
0 0 0.0287 0.0272 0.0110 0.0051 0.0038 0.0046 0.0052 0.0070 0.0097 0.0186 0.0444 0.0667 0.0369 0.0225 0.0119 0.0107 0.0048 0.0060 0.0025 0.0042 0.0030 0.0045 0.0065 0.0168 0.0212 0.6165 
0 0 0.0287 0.0267 0.0108 0.0066 0.0046 0.0037 0.0036 0.0039 0.0046 0.0062 0.0102 0.0196 0.0256 0.0198 0.0099 0.0060 0.0043 0.0037 0.0031 0.0030 0.0029 0.0043 0.0084 0.0258 0.1108 0.6433 
0 0 0.0301 0.0277 0.0106 0.0061 0.0046 0.0040 0.0039 0.0043 0.0052 0.0062 0.0083 0.0125 0.0135 0.0130 0.0081 0.0061 0.0044 0.0042 0.0032 0.0035 0.0034 0.0048 0.0085 0.0274 0.0731 0.7034 
0 0 0.0292 0.0299 0.0110 0.0070 0.0047 0.0044 0.0046 0.0061 0.0088 0.0141 0.0375 0.0588 0.0334 0.0174 0.0075 0.0087 0.0039 0.0066 0.0034 0.0034 0.0039 0.0052 0.0076 0.0199 0.0207 0.6422 
0 0 0.0345 0.0316 0.0118 0.0068 0.0045 0.0039 0.0034 0.0038 0.0039 0.0045 0.0048 0.0059 0.0067 0.0118 0.0049 0.0062 0.0037 0.0049 0.0030 0.0033 0.0038 0.0056 0.0100 0.0320 0.0362 0.7484 
0 0 0.0340 0.0309 0.0106 0.0056 0.0037 0.0030 0.0029 0.0030 0.0034 0.0041 0.0057 0.0072 0.0082 0.0076 0.0053 0.0042 0.0034 0.0032 0.0027 0.0030 0.0033 0.0052 0.0099 0.0321 0.0773 0.7204 
0 1 0.0453 0.0367 0.0166 0.0091 0.0059 0.0053 0.0041 0.0039 0.0033 0.0043 0.0048 0.0056 0.0049 0.0076 0.0038 0.0050 0.0031 0.0045 0.0029 0.0049 0.0048 0.0066 0.0122 0.0288 0.0327 0.7335 
0 1 0.0374 0.0256 0.0163 0.0113 0.0095 0.0085 0.0082 0.0094 0.0100 0.0111 0.0136 0.0148 0.0155 0.0169 0.0140 0.0123 0.0103 0.0096 0.0073 0.0077 0.0073 0.0095 0.0138 0.0227 0.0294 0.6480 
0 1 0.0317 0.0237 0.0140 0.0103 0.0088 0.0078 0.0081 0.0088 0.0102 0.0118 0.0140 0.0157 0.0164 0.0184 0.0154 0.0142 0.0111 0.0101 0.0079 0.0070 0.0068 0.0085 0.0118 0.0228 0.0282 0.6563 
0 1 0.0323 0.0243 0.0151 0.0105 0.0091 0.0087 0.0090 0.0097 0.0106 0.0118 0.0132 0.0138 0.0142 0.0143 0.0127 0.0116 0.0101 0.0098 0.0084 0.0083 0.0083 0.0099 0.0143 0.0242 0.0314 0.6544 
0 1 0.0418 0.0336 0.0155 0.0086 0.0104 0.0067 0.0082 0.0078 0.0077 0.0093 0.0087 0.0069 0.0059 0.0099 0.0042 0.0079 0.0038 0.0049 0.0028 0.0032 0.0025 0.0056 0.0060 0.0224 0.0274 0.7285 
0 1 0.0435 0.0368 0.0170 0.0146 0.0088 0.0048 0.0046 0.0044 0.0042 0.0049 0.0049 0.0053 0.0045 0.0055 0.0031 0.0048 0.0031 0.0046 0.0025 0.0043 0.0034 0.0056 0.0093 0.0271 0.0329 0.7354 
0 1 0.0481 0.0388 0.0147 0.0080 0.0058 0.0035 0.0034 0.0031 0.0027 0.0022 0.0019 0.0029 0.0037 0.0070 0.0022 0.0058 0.0020 0.0038 0.0012 0.0023 0.0027 0.0055 0.0076 0.0299 0.0334 0.7578 
0 1 0.0473 0.0375 0.0157 0.0123 0.0078 0.0076 0.0053 0.0046 0.0049 0.0050 0.0050 0.0059 0.0051 0.0079 0.0031 0.0062 0.0031 0.0046 0.0024 0.0039 0.0027 0.0056 0.0083 0.0285 0.0296 0.7298 
0 1 0.0354 0.0343 0.0164 0.0108 0.0075 0.0051 0.0059 0.0045 0.0069 0.0082 0.0134 0.0147 0.0140 0.0153 0.0099 0.0088 0.0054 0.0067 0.0034 0.0044 0.0034 0.0050 0.0080 0.0237 0.0230 0.7057 
0 1 0.0430 0.0386 0.0151 0.0070 0.0069 0.0071 0.0065 0.0051 0.0059 0.0055 0.0048 0.0049 0.0043 0.0070 0.0032 0.0053 0.0021 0.0047 0.0019 0.0028 0.0022 0.0052 0.0078 0.0280 0.0293 0.7457 
0 0 0.0400 0.0345 0.0139 0.0070 0.0046 0.0048 0.0043 0.0051 0.0063 0.0062 0.0062 0.0081 0.0102 0.0085 0.0042 0.0051 0.0021 0.0050 0.0026 0.0034 0.0025 0.0048 0.0085 0.0276 0.0321 0.7424 
0 0 0.0405 0.0349 0.0148 0.0097 0.0070 0.0064 0.0049 0.0052 0.0041 0.0055 0.0056 0.0081 0.0090 0.0095 0.0048 0.0062 0.0030 0.0052 0.0031 0.0035 0.0032 0.0053 0.0105 0.0296 0.0309 0.7292 
0 0 0.0332 0.0303 0.0127 0.0084 0.0066 0.0054 0.0054 0.0064 0.0070 0.0094 0.0112 0.0162 0.0192 0.0173 0.0099 0.0091 0.0052 0.0062 0.0033 0.0042 0.0036 0.0052 0.0088 0.0247 0.0292 0.7019 
0 0 0.0390 0.0347 0.0122 0.0064 0.0053 0.0048 0.0061 0.0058 0.0064 0.0087 0.0080 0.0101 0.0123 0.0103 0.0051 0.0054 0.0030 0.0035 0.0018 0.0032 0.0026 0.0050 0.0081 0.0289 0.0334 0.7299 
0 1 0.0346 0.0210 0.0148 0.0118 0.0104 0.0113 0.0109 0.0124 0.0148 0.0182 0.0215 0.0244 0.0234 0.0259 0.0201 0.0175 0.0143 0.0129 0.0110 0.0095 0.0086 0.0100 0.0126 0.0186 0.0268 0.5827 
0 1 0.0319 0.0229 0.0133 0.0101 0.0088 0.0091 0.0102 0.0117 0.0136 0.0153 0.0207 0.0245 0.0262 0.0281 0.0207 0.0170 0.0120 0.0101 0.0081 0.0078 0.0069 0.0087 0.0108 0.0192 0.0259 0.6063 
0 0 0.0319 0.0284 0.0109 0.0068 0.0055 0.0057 0.0061 0.0071 0.0082 0.0090 0.0101 0.0099 0.0102 0.0116 0.0086 0.0084 0.0063 0.0063 0.0047 0.0048 0.0046 0.0060 0.0094 0.0252 0.0265 0.7278 
0 0 0.0306 0.0283 0.0116 0.0068 0.0059 0.0057 0.0056 0.0070 0.0073 0.0084 0.0090 0.0101 0.0097 0.0122 0.0095 0.0092 0.0068 0.0075 0.0055 0.0059 0.0051 0.0061 0.0089 0.0235 0.0261 0.7277 
0 0 0.0393 0.0328 0.0125 0.0081 0.0061 0.0051 0.0053 0.0055 0.0061 0.0054 0.0053 0.0056 0.0060 0.0073 0.0062 0.0062 0.0047 0.0053 0.0038 0.0046 0.0043 0.0062 0.0103 0.0283 0.0312 0.7385 
0 0 0.0358 0.0300 0.0115 0.0079 0.0063 0.0060 0.0062 0.0072 0.0067 0.0073 0.0070 0.0066 0.0075 0.0087 0.0068 0.0069 0.0058 0.0062 0.0050 0.0054 0.0049 0.0065 0.0094 0.0264 0.0287 0.7333 
0 1 0.0315 0.0259 0.0114 0.0075 0.0061 0.0056 0.0060 0.0068 0.0094 0.0123 0.0164 0.0203 0.0232 0.0214 0.0162 0.0116 0.0078 0.0079 0.0047 0.0049 0.0047 0.0059 0.0087 0.0229 0.0245 0.6764 
0 1 0.0348 0.0282 0.0128 0.0096 0.0076 0.0063 0.0067 0.0074 0.0081 0.0099 0.0127 0.0131 0.0143 0.0154 0.0117 0.0101 0.0078 0.0076 0.0059 0.0060 0.0055 0.0076 0.0102 0.0230 0.0284 0.6893 
0 0 0.0362 0.0317 0.0122 0.0069 0.0054 0.0044 0.0038 0.0041 0.0039 0.0044 0.0050 0.0055 0.0055 0.0078 0.0049 0.0057 0.0037 0.0050 0.0037 0.0042 0.0044 0.0062 0.0099 0.0280 0.0315 0.7561 
0 0 0.0367 0.0325 0.0120 0.0064 0.0048 0.0044 0.0037 0.0036 0.0042 0.0044 0.0048 0.0049 0.0058 0.0069 0.0045 0.0054 0.0040 0.0042 0.0033 0.0041 0.0042 0.0056 0.0101 0.0292 0.0315 0.7590 
0 1 0.0356 0.0309 0.0137 0.0077 0.0057 0.0051 0.0058 0.0055 0.0061 0.0078 0.0083 0.0089 0.0095 0.0111 0.0074 0.0076 0.0052 0.0057 0.0039 0.0044 0.0043 0.0065 0.0103 0.0272 0.0300 0.7258 
0 1 0.0393 0.0342 0.0145 0.0077 0.0052 0.0038 0.0039 0.0035 0.0036 0.0041 0.0044 0.0041 0.0047 0.0060 0.0036 0.0043 0.0030 0.0042 0.0028 0.0039 0.0042 0.0068 0.0114 0.0299 0.0348 0.7522 
0 0 0.0404 0.0281 0.0149 0.0110 0.0094 0.0083 0.0077 0.0081 0.0088 0.0099 0.0097 0.0104 0.0108 0.0110 0.0090 0.0087 0.0073 0.0066 0.0051 0.0053 0.0055 0.0078 0.0112 0.0236 0.0308 0.6907 
0 1 0.0324 0.0248 0.0147 0.0106 0.0093 0.0085 0.0082 0.0088 0.0099 0.0111 0.0122 0.0131 0.0128 0.0133 0.0108 0.0097 0.0086 0.0085 0.0073 0.0076 0.0079 0.0097 0.0144 0.0252 0.0323 0.6682 
0 1 0.0352 0.0253 0.0155 0.0120 0.0103 0.0092 0.0088 0.0095 0.0105 0.0116 0.0138 0.0152 0.0162 0.0157 0.0131 0.0117 0.0097 0.0095 0.0077 0.0083 0.0084 0.0105 0.0147 0.0251 0.0328 0.6394 
0 1 0.0289 0.0267 0.0109 0.0069 0.0058 0.0054 0.0056 0.0064 0.0077 0.0090 0.0099 0.0112 0.0115 0.0124 0.0099 0.0093 0.0072 0.0070 0.0058 0.0056 0.0056 0.0067 0.0101 0.0263 0.0301 0.7180 
0 1 0.0275 0.0244 0.0119 0.0082 0.0072 0.0070 0.0073 0.0083 0.0097 0.0117 0.0138 0.0160 0.0170 0.0172 0.0142 0.0118 0.0095 0.0086 0.0072 0.0066 0.0064 0.0074 0.0107 0.0251 0.0283 0.6769 
0 1 0.0419 0.0379 0.0133 0.0069 0.0057 0.0050 0.0045 0.0043 0.0046 0.0045 0.0058 0.0043 0.0051 0.0073 0.0045 0.0056 0.0033 0.0049 0.0029 0.0038 0.0030 0.0051 0.0090 0.0279 0.0310 0.7482 
0 1 0.0400 0.0332 0.0132 0.0080 0.0052 0.0050 0.0047 0.0042 0.0044 0.0046 0.0048 0.0057 0.0058 0.0086 0.0045 0.0065 0.0036 0.0052 0.0029 0.0037 0.0036 0.0049 0.0082 0.0267 0.0276 0.7550 
0 0 0.0465 0.0414 0.0089 0.0039 0.0021 0.0013 0.0010 0.0009 0.0008 0.0007 0.0007 0.0008 0.0008 0.0017 0.0008 0.0013 0.0006 0.0014 0.0006 0.0013 0.0014 0.0030 0.0075 0.0424 0.0490 0.7788 
0 0 0.0377 0.0350 0.0113 0.0061 0.0040 0.0033 0.0028 0.0034 0.0033 0.0042 0.0042 0.0054 0.0051 0.0067 0.0042 0.0044 0.0027 0.0031 0.0021 0.0028 0.0028 0.0045 0.0091 0.0325 0.0363 0.7632 
0 0 0.0354 0.0310 0.0145 0.0093 0.0066 0.0052 0.0045 0.0042 0.0049 0.0053 0.0060 0.0073 0.0081 0.0082 0.0059 0.0056 0.0043 0.0048 0.0036 0.0044 0.0046 0.0065 0.0105 0.0307 0.0353 0.7333 
0 0 0.0365 0.0293 0.0143 0.0094 0.0069 0.0060 0.0056 0.0058 0.0069 0.0078 0.0085 0.0099 0.0100 0.0105 0.0072 0.0065 0.0052 0.0049 0.0038 0.0046 0.0044 0.0070 0.0107 0.0283 0.0322 0.7178 
0 0 0.0361 0.0309 0.0135 0.0087 0.0066 0.0052 0.0048 0.0045 0.0049 0.0056 0.0061 0.0073 0.0081 0.0078 0.0063 0.0061 0.0049 0.0053 0.0045 0.0048 0.0054 0.0073 0.0118 0.0305 0.0349 0.7281 
0 0 0.0431 0.0311 0.0126 0.0080 0.0059 0.0052 0.0043 0.0044 0.0045 0.0043 0.0040 0.0042 0.0044 0.0060 0.0040 0.0046 0.0033 0.0039 0.0031 0.0038 0.0042 0.0061 0.0106 0.0319 0.0373 0.7448 
0 0 0.0409 0.0318 0.0123 0.0078 0.0056 0.0049 0.0043 0.0039 0.0039 0.0043 0.0046 0.0046 0.0049 0.0058 0.0046 0.0043 0.0039 0.0042 0.0038 0.0047 0.0052 0.0073 0.0123 0.0331 0.0393 0.7377 
0 0 0.0324 0.0285 0.0112 0.0073 0.0054 0.0048 0.0037 0.0051 0.0052 0.0071 0.0075 0.0141 0.0201 0.0282 0.0068 0.0111 0.0047 0.0126 0.0041 0.0067 0.0042 0.0078 0.0103 0.0311 0.0339 0.6862 
0 1 0.0275 0.0261 0.0096 0.0057 0.0047 0.0044 0.0050 0.0057 0.0069 0.0083 0.0104 0.0122 0.0122 0.0127 0.0103 0.0091 0.0070 0.0062 0.0049 0.0047 0.0046 0.0056 0.0090 0.0261 0.0356 0.7255 
0 1 0.0256 0.0239 0.0081 0.0048 0.0037 0.0036 0.0039 0.0044 0.0052 0.0067 0.0082 0.0092 0.0097 0.0100 0.0085 0.0071 0.0056 0.0048 0.0037 0.0035 0.0036 0.0046 0.0071 0.0210 0.1719 0.6314 
0 0 0.0316 0.0251 0.0133 0.0091 0.0079 0.0079 0.0081 0.0095 0.0111 0.0119 0.0138 0.0152 0.0163 0.0172 0.0138 0.0126 0.0091 0.0089 0.0069 0.0073 0.0070 0.0093 0.0128 0.0218 0.0266 0.6659 
0 0 0.0369 0.0291 0.0153 0.0099 0.0073 0.0062 0.0064 0.0066 0.0069 0.0076 0.0084 0.0089 0.0088 0.0099 0.0083 0.0080 0.0062 0.0065 0.0053 0.0057 0.0058 0.0085 0.0128 0.0282 0.0337 0.7028 
0 0 0.0341 0.0331 0.0125 0.0063 0.0046 0.0038 0.0047 0.0066 0.0106 0.0113 0.0114 0.0116 0.0153 0.0147 0.0088 0.0092 0.0046 0.0067 0.0034 0.0040 0.0022 0.0046 0.0063 0.0216 0.0234 0.7247 
0 0 0.0250 0.0248 0.0099 0.0063 0.0048 0.0062 0.0070 0.0103 0.0137 0.0143 0.0170 0.0203 0.0207 0.0220 0.0154 0.0106 0.0067 0.0055 0.0038 0.0038 0.0029 0.0027 0.0051 0.0152 0.1409 0.5853 
0 0 0.0362 0.0334 0.0138 0.0073 0.0057 0.0042 0.0050 0.0048 0.0060 0.0074 0.0114 0.0200 0.0137 0.0098 0.0073 0.0063 0.0045 0.0052 0.0033 0.0045 0.0046 0.0068 0.0098 0.0265 0.0295 0.7128 
0 0 0.0377 0.0332 0.0146 0.0095 0.0073 0.0067 0.0052 0.0057 0.0049 0.0057 0.0096 0.0157 0.0099 0.0090 0.0055 0.0064 0.0039 0.0049 0.0037 0.0052 0.0036 0.0055 0.0093 0.0269 0.0302 0.7202 
0 0 0.0361 0.0339 0.0134 0.0104 0.0083 0.0068 0.0064 0.0049 0.0053 0.0064 0.0136 0.0156 0.0098 0.0115 0.0064 0.0081 0.0057 0.0065 0.0044 0.0054 0.0052 0.0063 0.0086 0.0250 0.0268 0.7090 
0 0 0.0383 0.0346 0.0136 0.0077 0.0061 0.0055 0.0055 0.0058 0.0075 0.0117 0.0172 0.0131 0.0082 0.0114 0.0062 0.0070 0.0047 0.0044 0.0034 0.0031 0.0031 0.0061 0.0089 0.0257 0.0281 0.7130 
0 0 0.0337 0.0302 0.0125 0.0094 0.0072 0.0054 0.0056 0.0061 0.0063 0.0088 0.0115 0.0109 0.0090 0.0117 0.0074 0.0069 0.0046 0.0054 0.0032 0.0038 0.0032 0.0051 0.0084 0.0260 0.0284 0.7293 
0 0 0.0396 0.0352 0.0144 0.0099 0.0064 0.0057 0.0049 0.0052 0.0059 0.0064 0.0105 0.0152 0.0105 0.0099 0.0061 0.0072 0.0041 0.0061 0.0046 0.0055 0.0048 0.0062 0.0106 0.0260 0.0305 0.7087 
0 0 0.0253 0.0238 0.0110 0.0076 0.0079 0.0102 0.0094 0.0096 0.0133 0.0139 0.0206 0.0227 0.0210 0.0242 0.0150 0.0108 0.0074 0.0061 0.0039 0.0040 0.0036 0.0043 0.0062 0.0177 0.0172 0.6833 
0 0 0.0324 0.0282 0.0154 0.0139 0.0093 0.0081 0.0080 0.0097 0.0107 0.0121 0.0177 0.0298 0.0206 0.0140 0.0098 0.0098 0.0077 0.0087 0.0055 0.0052 0.0051 0.0071 0.0093 0.0219 0.0250 0.6552 
0 0 0.0366 0.0274 0.0150 0.0121 0.0112 0.0103 0.0096 0.0093 0.0106 0.0137 0.0211 0.0227 0.0134 0.0129 0.0107 0.0099 0.0075 0.0084 0.0066 0.0072 0.0064 0.0072 0.0093 0.0221 0.0279 0.6511 
0 0 0.0354 0.0307 0.0124 0.0075 0.0059 0.0061 0.0050 0.0055 0.0064 0.0090 0.0104 0.0114 0.0081 0.0099 0.0065 0.0066 0.0047 0.0053 0.0038 0.0046 0.0044 0.0059 0.0103 0.0265 0.0288 0.7289 
0 0 0.0285 0.0304 0.0141 0.0099 0.0056 0.0057 0.0052 0.0077 0.0081 0.0119 0.0160 0.0165 0.0121 0.0126 0.0093 0.0084 0.0069 0.0074 0.0046 0.0046 0.0037 0.0055 0.0088 0.0197 0.0237 0.7131 
0 0 0.0303 0.0305 0.0098 0.0065 0.0064 0.0060 0.0064 0.0071 0.0092 0.0110 0.0160 0.0228 0.0193 0.0137 0.0081 0.0082 0.0055 0.0055 0.0032 0.0042 0.0037 0.0049 0.0075 0.0229 0.0240 0.7073 
0 0 0.0357 0.0318 0.0112 0.0073 0.0048 0.0049 0.0055 0.0066 0.0084 0.0120 0.0136 0.0154 0.0155 0.0129 0.0076 0.0073 0.0044 0.0061 0.0030 0.0036 0.0033 0.0046 0.0062 0.0231 0.0270 0.7183 
0 0 0.0314 0.0300 0.0109 0.0077 0.0074 0.0079 0.0079 0.0069 0.0081 0.0108 0.0172 0.0174 0.0123 0.0132 0.0072 0.0089 0.0044 0.0062 0.0041 0.0043 0.0046 0.0055 0.0082 0.0243 0.0252 0.7084 
0 0 0.0349 0.0345 0.0149 0.0104 0.0072 0.0060 0.0052 0.0051 0.0059 0.0080 0.0152 0.0202 0.0139 0.0136 0.0080 0.0080 0.0045 0.0070 0.0032 0.0040 0.0045 0.0049 0.0084 0.0234 0.0270 0.7021 
0 0 0.0413 0.0392 0.0110 0.0047 0.0028 0.0032 0.0026 0.0024 0.0034 0.0054 0.0088 0.0074 0.0055 0.0084 0.0037 0.0057 0.0031 0.0050 0.0019 0.0031 0.0030 0.0059 0.0085 0.0278 0.0316 0.7546 
0 0 0.0325 0.0324 0.0166 0.0105 0.0070 0.0070 0.0066 0.0070 0.0087 0.0110 0.0134 0.0162 0.0125 0.0143 0.0096 0.0098 0.0070 0.0086 0.0060 0.0071 0.0057 0.0071 0.0102 0.0230 0.0247 0.6855 
0 0 0.0306 0.0244 0.0139 0.0134 0.0096 0.0104 0.0117 0.0122 0.0152 0.0244 0.0315 0.0354 0.0359 0.0349 0.0234 0.0177 0.0126 0.0105 0.0078 0.0078 0.0072 0.0079 0.0097 0.0174 0.0213 0.5533 
0 0 0.0304 0.0289 0.0127 0.0091 0.0089 0.0081 0.0088 0.0105 0.0123 0.0141 0.0173 0.0125 0.0111 0.0121 0.0089 0.0088 0.0070 0.0085 0.0055 0.0059 0.0052 0.0067 0.0086 0.0204 0.0241 0.6938 
0 0 0.0306 0.0269 0.0113 0.0090 0.0083 0.0083 0.0076 0.0086 0.0125 0.0177 0.0291 0.0272 0.0254 0.0244 0.0200 0.0175 0.0123 0.0110 0.0063 0.0057 0.0056 0.0063 0.0083 0.0191 0.0200 0.6211 
0 0 0.0389 0.0331 0.0138 0.0078 0.0063 0.0061 0.0081 0.0079 0.0118 0.0164 0.0153 0.0133 0.0138 0.0123 0.0079 0.0091 0.0056 0.0070 0.0036 0.0058 0.0045 0.0070 0.0109 0.0237 0.0246 0.6853 
0 0 0.0288 0.0277 0.0118 0.0095 0.0067 0.0060 0.0068 0.0074 0.0100 0.0109 0.0159 0.0228 0.0191 0.0154 0.0096 0.0090 0.0057 0.0060 0.0041 0.0043 0.0038 0.0049 0.0076 0.0217 0.0586 0.6663 
0 0 0.0383 0.0346 0.0158 0.0094 0.0073 0.0061 0.0051 0.0047 0.0056 0.0069 0.0102 0.0143 0.0111 0.0115 0.0076 0.0090 0.0056 0.0059 0.0051 0.0057 0.0061 0.0074 0.0104 0.0248 0.0295 0.7019 
0 1 0.0436 0.0363 0.0124 0.0067 0.0049 0.0048 0.0040 0.0031 0.0030 0.0029 0.0030 0.0029 0.0032 0.0043 0.0029 0.0036 0.0027 0.0034 0.0027 0.0028 0.0033 0.0045 0.0098 0.0293 0.0335 0.7667 
0 1 0.0397 0.0316 0.0146 0.0104 0.0070 0.0061 0.0060 0.0066 0.0070 0.0072 0.0084 0.0096 0.0108 0.0105 0.0094 0.0098 0.0065 0.0075 0.0051 0.0064 0.0051 0.0076 0.0114 0.0253 0.0329 0.6976 
0 0 0.0352 0.0337 0.0101 0.0063 0.0041 0.0032 0.0035 0.0031 0.0031 0.0038 0.0039 0.0050 0.0049 0.0071 0.0041 0.0046 0.0030 0.0038 0.0020 0.0024 0.0026 0.0047 0.0083 0.0278 0.0289 0.7811 
0 0 0.0344 0.0322 0.0102 0.0059 0.0042 0.0040 0.0042 0.0041 0.0041 0.0046 0.0058 0.0055 0.0058 0.0072 0.0057 0.0058 0.0038 0.0047 0.0031 0.0037 0.0034 0.0055 0.0084 0.0265 0.0285 0.7688 
0 0 0.0448 0.0383 0.0098 0.0051 0.0034 0.0028 0.0021 0.0021 0.0023 0.0023 0.0020 0.0023 0.0026 0.0035 0.0020 0.0024 0.0014 0.0023 0.0013 0.0021 0.0022 0.0042 0.0090 0.0370 0.0403 0.7725 
0 0 0.0407 0.0343 0.0121 0.0073 0.0050 0.0040 0.0039 0.0039 0.0042 0.0045 0.0049 0.0056 0.0057 0.0065 0.0046 0.0047 0.0032 0.0038 0.0029 0.0037 0.0040 0.0056 0.0097 0.0320 0.0360 0.7470 
0 1 0.0379 0.0290 0.0156 0.0107 0.0083 0.0075 0.0067 0.0056 0.0062 0.0066 0.0071 0.0077 0.0084 0.0100 0.0074 0.0081 0.0066 0.0067 0.0059 0.0060 0.0064 0.0077 0.0113 0.0259 0.0298 0.7107 
0 1 0.0364 0.0297 0.0127 0.0083 0.0068 0.0058 0.0059 0.0061 0.0067 0.0062 0.0072 0.0074 0.0079 0.0095 0.0075 0.0079 0.0066 0.0071 0.0054 0.0058 0.0051 0.0071 0.0098 0.0260 0.0303 0.7248 
0 1 0.0401 0.0284 0.0145 0.0099 0.0083 0.0069 0.0062 0.0069 0.0075 0.0084 0.0092 0.0097 0.0106 0.0118 0.0096 0.0096 0.0082 0.0078 0.0070 0.0073 0.0070 0.0078 0.0115 0.0255 0.0290 0.6913 
0 0 0.0336 0.0273 0.0143 0.0093 0.0073 0.0065 0.0062 0.0068 0.0076 0.0086 0.0098 0.0108 0.0113 0.0118 0.0101 0.0092 0.0082 0.0077 0.0066 0.0066 0.0067 0.0091 0.0144 0.0284 0.0357 0.6861 
0 1 0.0326 0.0287 0.0109 0.0073 0.0055 0.0057 0.0055 0.0071 0.0076 0.0097 0.0110 0.0127 0.0137 0.0151 0.0109 0.0082 0.0054 0.0051 0.0036 0.0038 0.0034 0.0054 0.0083 0.0240 0.0261 0.7226 
0 1 0.0354 0.0307 0.0141 0.0099 0.0077 0.0061 0.0064 0.0073 0.0069 0.0077 0.0089 0.0101 0.0100 0.0127 0.0090 0.0086 0.0059 0.0071 0.0038 0.0052 0.0041 0.0058 0.0088 0.0242 0.0285 0.7151 
0 1 0.0201 0.0185 0.0082 0.0048 0.0052 0.0066 0.0102 0.0146 0.0205 0.0278 0.0331 0.0396 0.0376 0.0388 0.0294 0.0210 0.0162 0.0139 0.0080 0.0062 0.0046 0.0046 0.0060 0.0132 0.0130 0.5782 
0 1 0.0220 0.0235 0.0106 0.0073 0.0073 0.0063 0.0089 0.0096 0.0130 0.0145 0.0171 0.0194 0.0228 0.0225 0.0168 0.0145 0.0094 0.0085 0.0057 0.0049 0.0043 0.0053 0.0063 0.0159 0.0171 0.6866 
0 1 0.0302 0.0289 0.0121 0.0091 0.0061 0.0069 0.0070 0.0078 0.0085 0.0097 0.0095 0.0097 0.0091 0.0120 0.0084 0.0075 0.0069 0.0076 0.0055 0.0058 0.0050 0.0054 0.0075 0.0213 0.0218 0.7309 
0 0 0.0341 0.0324 0.0119 0.0071 0.0050 0.0047 0.0048 0.0053 0.0060 0.0061 0.0068 0.0081 0.0081 0.0090 0.0063 0.0061 0.0044 0.0050 0.0032 0.0041 0.0038 0.0053 0.0088 0.0266 0.0305 0.7466 
0 0 0.0406 0.0358 0.0101 0.0049 0.0035 0.0030 0.0028 0.0024 0.0029 0.0026 0.0031 0.0030 0.0031 0.0048 0.0028 0.0030 0.0019 0.0029 0.0016 0.0024 0.0021 0.0037 0.0088 0.0334 0.0363 0.7785 
0 0 0.0328 0.0277 0.0142 0.0092 0.0072 0.0062 0.0060 0.0062 0.0072 0.0085 0.0105 0.0128 0.0139 0.0137 0.0111 0.0092 0.0074 0.0065 0.0058 0.0059 0.0064 0.0082 0.0133 0.0274 0.0323 0.6904 
0 1 0.0418 0.0309 0.0184 0.0125 0.0105 0.0086 0.0079 0.0077 0.0084 0.0095 0.0122 0.0142 0.0159 0.0159 0.0100 0.0089 0.0058 0.0063 0.0044 0.0048 0.0061 0.0079 0.0142 0.0272 0.0338 0.6564 
0 1 0.0371 0.0279 0.0175 0.0123 0.0091 0.0076 0.0071 0.0073 0.0090 0.0114 0.0131 0.0153 0.0173 0.0172 0.0123 0.0106 0.0069 0.0074 0.0057 0.0072 0.0075 0.0096 0.0149 0.0232 0.0292 0.6565 
0 0 0.0305 0.0244 0.0148 0.0099 0.0083 0.0080 0.0081 0.0088 0.0099 0.0115 0.0138 0.0152 0.0165 0.0182 0.0136 0.0121 0.0091 0.0086 0.0073 0.0065 0.0067 0.0085 0.0123 0.0220 0.0270 0.6683 
0 0 0.0308 0.0264 0.0138 0.0087 0.0065 0.0060 0.0067 0.0078 0.0090 0.0106 0.0135 0.0154 0.0168 0.0168 0.0136 0.0114 0.0088 0.0081 0.0065 0.0063 0.0065 0.0082 0.0121 0.0258 0.0309 0.6730 
0 0 0.0365 0.0279 0.0180 0.0121 0.0091 0.0079 0.0076 0.0075 0.0083 0.0090 0.0107 0.0114 0.0120 0.0128 0.0095 0.0099 0.0078 0.0078 0.0066 0.0067 0.0078 0.0093 0.0155 0.0259 0.0323 0.6701 
0 0 0.0307 0.0234 0.0140 0.0097 0.0074 0.0065 0.0069 0.0083 0.0109 0.0154 0.0214 0.0271 0.0300 0.0305 0.0230 0.0178 0.0128 0.0100 0.0075 0.0067 0.0064 0.0076 0.0110 0.0205 0.0247 0.6099 
0 0 0.0316 0.0264 0.0160 0.0101 0.0075 0.0070 0.0072 0.0080 0.0097 0.0122 0.0146 0.0172 0.0186 0.0189 0.0140 0.0120 0.0089 0.0079 0.0060 0.0062 0.0068 0.0090 0.0126 0.0240 0.0285 0.6593 
0 0 0.0369 0.0299 0.0152 0.0103 0.0074 0.0060 0.0054 0.0052 0.0064 0.0074 0.0091 0.0099 0.0101 0.0113 0.0089 0.0080 0.0059 0.0062 0.0052 0.0061 0.0062 0.0088 0.0139 0.0293 0.0349 0.6961 
0 0 0.0387 0.0367 0.0115 0.0057 0.0038 0.0029 0.0024 0.0024 0.0023 0.0022 0.0024 0.0026 0.0028 0.0042 0.0029 0.0036 0.0025 0.0033 0.0022 0.0028 0.0032 0.0048 0.0093 0.0320 0.0340 0.7788 
0 0 0.0329 0.0252 0.0157 0.0116 0.0105 0.0092 0.0092 0.0097 0.0106 0.0129 0.0135 0.0163 0.0153 0.0176 0.0135 0.0131 0.0102 0.0094 0.0073 0.0069 0.0068 0.0087 0.0123 0.0230 0.0266 0.6518 
0 0 0.0335 0.0275 0.0122 0.0084 0.0066 0.0070 0.0076 0.0093 0.0098 0.0114 0.0151 0.0155 0.0157 0.0177 0.0131 0.0119 0.0088 0.0091 0.0065 0.0061 0.0050 0.0069 0.0095 0.0212 0.0263 0.6784 
0 1 0.0386 0.0298 0.0141 0.0105 0.0082 0.0069 0.0058 0.0055 0.0054 0.0057 0.0061 0.0067 0.0063 0.0075 0.0056 0.0063 0.0046 0.0052 0.0037 0.0041 0.0043 0.0064 0.0101 0.0285 0.0312 0.7331 
0 1 0.0279 0.0235 0.0143 0.0092 0.0087 0.0083 0.0085 0.0108 0.0117 0.0136 0.0159 0.0178 0.0193 0.0193 0.0156 0.0134 0.0113 0.0099 0.0081 0.0083 0.0071 0.0086 0.0119 0.0217 0.0244 0.6509 
0 1 0.0231 0.0251 0.0107 0.0060 0.0047 0.0052 0.0052 0.0058 0.0060 0.0074 0.0108 0.0118 0.0145 0.0139 0.0105 0.0091 0.0061 0.0069 0.0051 0.0055 0.0040 0.0054 0.0116 0.0213 0.0236 0.7409 
0 0 0.0542 0.0388 0.0166 0.0081 0.0062 0.0031 0.0025 0.0026 0.0021 0.0020 0.0018 0.0016 0.0019 0.0065 0.0018 0.0057 0.0011 0.0043 0.0019 0.0032 0.0030 0.0065 0.0114 0.0319 0.0364 0.7447 
0 0 0.0510 0.0419 0.0183 0.0103 0.0063 0.0045 0.0030 0.0040 0.0028 0.0020 0.0020 0.0030 0.0037 0.0079 0.0024 0.0062 0.0039 0.0049 0.0022 0.0035 0.0035 0.0061 0.0109 0.0281 0.0313 0.7361 
0 0 0.0376 0.0337 0.0117 0.0065 0.0045 0.0037 0.0032 0.0032 0.0032 0.0035 0.0038 0.0041 0.0043 0.0048 0.0037 0.0037 0.0028 0.0031 0.0026 0.0031 0.0035 0.0052 0.0103 0.0330 0.0367 0.7647 
0 0 0.0362 0.0319 0.0111 0.0066 0.0050 0.0047 0.0045 0.0043 0.0047 0.0053 0.0057 0.0064 0.0064 0.0072 0.0053 0.0055 0.0042 0.0043 0.0033 0.0034 0.0037 0.0055 0.0100 0.0314 0.0356 0.7478 
0 1 0.0244 0.0209 0.0103 0.0075 0.0066 0.0065 0.0070 0.0084 0.0101 0.0124 0.0153 0.0182 0.0193 0.0189 0.0155 0.0127 0.0097 0.0080 0.0063 0.0060 0.0058 0.0070 0.0101 0.0218 0.0970 0.6147 
0 0 0.0214 0.0206 0.0076 0.0050 0.0045 0.0047 0.0061 0.0080 0.0113 0.0165 0.0218 0.0285 0.0316 0.0297 0.0215 0.0160 0.0104 0.0081 0.0058 0.0054 0.0045 0.0053 0.0075 0.0204 0.0225 0.6553 
0 0 0.0311 0.0288 0.0101 0.0063 0.0050 0.0050 0.0047 0.0053 0.0062 0.0067 0.0077 0.0085 0.0087 0.0095 0.0072 0.0062 0.0050 0.0045 0.0036 0.0038 0.0038 0.0052 0.0089 0.0280 0.0307 0.7495 
0 0 0.0275 0.0260 0.0095 0.0064 0.0052 0.0053 0.0060 0.0071 0.0085 0.0098 0.0108 0.0116 0.0124 0.0127 0.0100 0.0093 0.0074 0.0072 0.0051 0.0049 0.0047 0.0056 0.0089 0.0239 0.0258 0.7287 
0 0 0.0302 0.0268 0.0104 0.0071 0.0064 0.0065 0.0066 0.0074 0.0083 0.0094 0.0109 0.0123 0.0130 0.0141 0.0111 0.0099 0.0078 0.0069 0.0055 0.0053 0.0053 0.0061 0.0092 0.0242 0.0259 0.7134 
0 0 0.0337 0.0259 0.0173 0.0122 0.0106 0.0093 0.0091 0.0096 0.0097 0.0110 0.0122 0.0133 0.0143 0.0154 0.0134 0.0124 0.0109 0.0098 0.0086 0.0083 0.0086 0.0103 0.0144 0.0251 0.0331 0.6415 
0 0 0.0319 0.0239 0.0153 0.0114 0.0096 0.0090 0.0088 0.0093 0.0113 0.0136 0.0161 0.0187 0.0206 0.0205 0.0168 0.0136 0.0110 0.0097 0.0079 0.0080 0.0080 0.0093 0.0130 0.0233 0.0295 0.6299 
0 0 0.0425 0.0383 0.0113 0.0062 0.0040 0.0034 0.0028 0.0029 0.0026 0.0030 0.0030 0.0031 0.0032 0.0043 0.0024 0.0034 0.0022 0.0029 0.0015 0.0028 0.0023 0.0044 0.0086 0.0336 0.0381 0.7672 
0 0 0.0318 0.0284 0.0125 0.0092 0.0071 0.0068 0.0071 0.0070 0.0078 0.0089 0.0105 0.0119 0.0125 0.0126 0.0105 0.0097 0.0074 0.0075 0.0057 0.0058 0.0058 0.0070 0.0094 0.0239 0.0279 0.7052 
0 1 0.0275 0.0222 0.0125 0.0074 0.0065 0.0056 0.0064 0.0087 0.0107 0.0113 0.0136 0.0310 0.0475 0.0654 0.0133 0.0194 0.0082 0.0251 0.0077 0.0153 0.0068 0.0160 0.0127 0.0238 0.0389 0.5366 
0 1 0.0302 0.0220 0.0143 0.0108 0.0100 0.0109 0.0132 0.0159 0.0187 0.0226 0.0253 0.0300 0.0302 0.0319 0.0252 0.0207 0.0158 0.0139 0.0088 0.0082 0.0081 0.0086 0.0093 0.0169 0.0219 0.5566 
0 1 0.0291 0.0257 0.0126 0.0077 0.0061 0.0057 0.0057 0.0062 0.0072 0.0087 0.0108 0.0134 0.0148 0.0143 0.0111 0.0092 0.0076 0.0069 0.0058 0.0059 0.0060 0.0082 0.0131 0.0268 0.0385 0.6928 
0 1 0.0260 0.0233 0.0115 0.0075 0.0060 0.0056 0.0058 0.0072 0.0092 0.0118 0.0146 0.0182 0.0206 0.0203 0.0155 0.0125 0.0096 0.0082 0.0065 0.0062 0.0063 0.0081 0.0129 0.0257 0.0311 0.6699 
0 0 0.0297 0.0195 0.0143 0.0123 0.0106 0.0107 0.0117 0.0136 0.0173 0.0214 0.0269 0.0331 0.0335 0.0351 0.0251 0.0202 0.0150 0.0127 0.0099 0.0098 0.0091 0.0103 0.0112 0.0170 0.0249 0.5451 
0 0 0.0275 0.0166 0.0114 0.0072 0.0090 0.0075 0.0108 0.0155 0.0164 0.0220 0.0227 0.0302 0.0442 0.0872 0.0267 0.0364 0.0185 0.0467 0.0114 0.0228 0.0087 0.0224 0.0075 0.0143 0.0741 0.3825 
0 1 0.0418 0.0323 0.0161 0.0098 0.0070 0.0060 0.0052 0.0049 0.0049 0.0048 0.0053 0.0062 0.0066 0.0080 0.0054 0.0056 0.0043 0.0054 0.0043 0.0061 0.0061 0.0089 0.0143 0.0288 0.0350 0.7169 
0 1 0.0397 0.0327 0.0163 0.0093 0.0063 0.0053 0.0049 0.0047 0.0051 0.0055 0.0055 0.0061 0.0066 0.0077 0.0060 0.0063 0.0049 0.0052 0.0044 0.0050 0.0056 0.0083 0.0129 0.0290 0.0356 0.7210 
0 0 0.0350 0.0273 0.0155 0.0102 0.0087 0.0075 0.0075 0.0079 0.0087 0.0095 0.0114 0.0130 0.0145 0.0145 0.0113 0.0100 0.0084 0.0083 0.0068 0.0069 0.0076 0.0093 0.0135 0.0267 0.0320 0.6681 
0 0 0.0327 0.0249 0.0146 0.0103 0.0080 0.0078 0.0082 0.0088 0.0098 0.0111 0.0124 0.0142 0.0149 0.0154 0.0129 0.0119 0.0099 0.0092 0.0081 0.0081 0.0079 0.0096 0.0136 0.0251 0.0306 0.6601 
0 0 0.0328 0.0335 0.0103 0.0070 0.0054 0.0056 0.0049 0.0057 0.0052 0.0062 0.0060 0.0069 0.0061 0.0098 0.0069 0.0076 0.0045 0.0061 0.0028 0.0038 0.0029 0.0049 0.0071 0.0248 0.0271 0.7562 
0 0 0.0405 0.0376 0.0108 0.0062 0.0041 0.0028 0.0025 0.0028 0.0032 0.0043 0.0047 0.0039 0.0048 0.0068 0.0039 0.0043 0.0032 0.0039 0.0023 0.0026 0.0024 0.0051 0.0091 0.0287 0.0329 0.7667 
0 0 0.0393 0.0291 0.0139 0.0102 0.0096 0.0102 0.0104 0.0090 0.0094 0.0096 0.0092 0.0119 0.0102 0.0103 0.0073 0.0073 0.0059 0.0060 0.0054 0.0061 0.0057 0.0074 0.0104 0.0262 0.0294 0.6907 
0 0 0.0325 0.0275 0.0150 0.0105 0.0085 0.0072 0.0068 0.0079 0.0092 0.0110 0.0131 0.0148 0.0144 0.0145 0.0116 0.0109 0.0083 0.0080 0.0063 0.0067 0.0066 0.0087 0.0121 0.0251 0.0282 0.6744 
0 1 0.0359 0.0276 0.0152 0.0105 0.0085 0.0071 0.0067 0.0073 0.0082 0.0095 0.0113 0.0127 0.0130 0.0134 0.0108 0.0096 0.0072 0.0074 0.0060 0.0064 0.0069 0.0087 0.0129 0.0268 0.0334 0.6770 
0 1 0.0258 0.0241 0.0080 0.0046 0.0034 0.0031 0.0031 0.0034 0.0040 0.0049 0.0060 0.0072 0.0078 0.0077 0.0065 0.0054 0.0043 0.0037 0.0032 0.0032 0.0035 0.0047 0.0086 0.0270 0.1843 0.6323 
0 1 0.0266 0.0254 0.0073 0.0037 0.0026 0.0022 0.0022 0.0024 0.0030 0.0037 0.0047 0.0056 0.0060 0.0058 0.0049 0.0040 0.0031 0.0027 0.0024 0.0024 0.0028 0.0041 0.0081 0.0265 0.2061 0.6317 
0 1 0.0263 0.0234 0.0078 0.0045 0.0034 0.0032 0.0034 0.0040 0.0050 0.0070 0.0102 0.0139 0.0157 0.0142 0.0101 0.0071 0.0051 0.0042 0.0034 0.0032 0.0032 0.0042 0.0075 0.0230 0.1795 0.6074 
0 1 0.0317 0.0293 0.0089 0.0045 0.0032 0.0028 0.0028 0.0031 0.0037 0.0049 0.0067 0.0090 0.0106 0.0097 0.0070 0.0051 0.0038 0.0032 0.0027 0.0027 0.0030 0.0043 0.0085 0.0302 0.0763 0.7223 
0 0 0.0338 0.0250 0.0168 0.0126 0.0115 0.0110 0.0111 0.0106 0.0124 0.0144 0.0167 0.0173 0.0180 0.0209 0.0177 0.0163 0.0137 0.0137 0.0106 0.0102 0.0096 0.0112 0.0128 0.0193 0.0266 0.6061 
0 0 0.0329 0.0247 0.0138 0.0109 0.0107 0.0106 0.0104 0.0108 0.0130 0.0150 0.0158 0.0183 0.0175 0.0196 0.0151 0.0153 0.0117 0.0123 0.0095 0.0093 0.0071 0.0092 0.0116 0.0211 0.0241 0.6300 
0 0 0.0339 0.0261 0.0157 0.0108 0.0084 0.0072 0.0069 0.0075 0.0086 0.0096 0.0112 0.0124 0.0135 0.0148 0.0117 0.0105 0.0090 0.0087 0.0076 0.0073 0.0078 0.0097 0.0149 0.0258 0.0328 0.6677 
0 0 0.0307 0.0230 0.0150 0.0106 0.0091 0.0085 0.0086 0.0093 0.0108 0.0126 0.0150 0.0175 0.0187 0.0192 0.0163 0.0144 0.0114 0.0099 0.0085 0.0081 0.0083 0.0096 0.0138 0.0236 0.0293 0.6382 
0 1 0.0386 0.0344 0.0104 0.0055 0.0037 0.0029 0.0026 0.0026 0.0027 0.0031 0.0035 0.0040 0.0042 0.0045 0.0034 0.0030 0.0025 0.0025 0.0022 0.0024 0.0029 0.0046 0.0098 0.0365 0.0418 0.7657 
0 1 0.0348 0.0315 0.0109 0.0062 0.0044 0.0036 0.0034 0.0035 0.0040 0.0049 0.0061 0.0073 0.0077 0.0077 0.0059 0.0048 0.0037 0.0034 0.0029 0.0031 0.0036 0.0052 0.0098 0.0336 0.0427 0.7455 
0 0 0.0323 0.0293 0.0171 0.0118 0.0105 0.0102 0.0110 0.0100 0.0101 0.0099 0.0102 0.0102 0.0103 0.0129 0.0109 0.0112 0.0083 0.0084 0.0058 0.0061 0.0064 0.0071 0.0109 0.0201 0.0247 0.6843 
0 1 0.0319 0.0267 0.0123 0.0087 0.0080 0.0080 0.0085 0.0091 0.0104 0.0107 0.0139 0.0144 0.0161 0.0163 0.0121 0.0116 0.0082 0.0075 0.0059 0.0058 0.0047 0.0055 0.0087 0.0223 0.0229 0.6898 
0 1 0.0277 0.0271 0.0114 0.0083 0.0068 0.0070 0.0068 0.0071 0.0071 0.0080 0.0086 0.0094 0.0095 0.0105 0.0083 0.0090 0.0074 0.0081 0.0060 0.0059 0.0055 0.0071 0.0104 0.0241 0.0266 0.7264 
0 0 0.0301 0.0234 0.0150 0.0114 0.0099 0.0113 0.0124 0.0130 0.0144 0.0179 0.0201 0.0209 0.0212 0.0216 0.0189 0.0159 0.0129 0.0107 0.0094 0.0086 0.0076 0.0090 0.0115 0.0185 0.0236 0.6109 
0 0 0.0318 0.0237 0.0142 0.0107 0.0095 0.0092 0.0109 0.0124 0.0129 0.0152 0.0172 0.0180 0.0197 0.0214 0.0178 0.0164 0.0131 0.0119 0.0092 0.0098 0.0080 0.0086 0.0107 0.0195 0.0258 0.6222 
0 1 0.0346 0.0328 0.0107 0.0056 0.0039 0.0033 0.0031 0.0033 0.0035 0.0041 0.0048 0.0055 0.0060 0.0065 0.0052 0.0046 0.0035 0.0037 0.0028 0.0030 0.0032 0.0047 0.0091 0.0325 0.0353 0.7646 
0 1 0.0301 0.0277 0.0108 0.0065 0.0051 0.0048 0.0049 0.0053 0.0062 0.0077 0.0093 0.0111 0.0115 0.0122 0.0096 0.0083 0.0063 0.0058 0.0046 0.0046 0.0046 0.0057 0.0095 0.0267 0.0292 0.7320 
0 0 0.0270 0.0259 0.0097 0.0058 0.0050 0.0054 0.0060 0.0074 0.0094 0.0105 0.0119 0.0133 0.0137 0.0150 0.0115 0.0100 0.0082 0.0078 0.0058 0.0056 0.0053 0.0062 0.0093 0.0245 0.0267 0.7131 
0 0 0.0305 0.0285 0.0101 0.0058 0.0043 0.0040 0.0046 0.0053 0.0062 0.0070 0.0079 0.0090 0.0092 0.0108 0.0087 0.0079 0.0063 0.0059 0.0048 0.0048 0.0047 0.0058 0.0096 0.0259 0.0282 0.7442 
0 0 0.0335 0.0296 0.0124 0.0086 0.0063 0.0060 0.0066 0.0076 0.0079 0.0094 0.0105 0.0112 0.0126 0.0130 0.0104 0.0093 0.0068 0.0067 0.0056 0.0061 0.0059 0.0070 0.0099 0.0244 0.0283 0.7045 
0 0 0.0327 0.0295 0.0113 0.0081 0.0062 0.0054 0.0050 0.0064 0.0067 0.0073 0.0080 0.0101 0.0099 0.0120 0.0092 0.0098 0.0060 0.0069 0.0040 0.0043 0.0039 0.0049 0.0084 0.0254 0.0258 0.7327 
0 0 0.0342 0.0282 0.0126 0.0089 0.0087 0.0079 0.0078 0.0082 0.0087 0.0095 0.0099 0.0109 0.0102 0.0111 0.0090 0.0084 0.0068 0.0069 0.0053 0.0063 0.0064 0.0073 0.0096 0.0247 0.0273 0.7051 
0 0 0.0285 0.0244 0.0102 0.0066 0.0055 0.0060 0.0072 0.0080 0.0102 0.0144 0.0185 0.0224 0.0251 0.0256 0.0196 0.0150 0.0108 0.0088 0.0055 0.0050 0.0041 0.0051 0.0074 0.0193 0.0228 0.6640 
0 1 0.0440 0.0336 0.0161 0.0114 0.0079 0.0071 0.0054 0.0050 0.0053 0.0042 0.0051 0.0052 0.0050 0.0083 0.0043 0.0064 0.0047 0.0056 0.0031 0.0044 0.0042 0.0070 0.0116 0.0264 0.0314 0.7272 
0 1 0.0367 0.0297 0.0140 0.0097 0.0069 0.0052 0.0045 0.0053 0.0052 0.0063 0.0068 0.0079 0.0083 0.0098 0.0070 0.0076 0.0053 0.0063 0.0042 0.0047 0.0045 0.0070 0.0101 0.0244 0.0292 0.7333 
0 0 0.0380 0.0318 0.0141 0.0088 0.0068 0.0058 0.0047 0.0055 0.0057 0.0062 0.0069 0.0072 0.0074 0.0085 0.0061 0.0060 0.0045 0.0048 0.0037 0.0042 0.0044 0.0061 0.0092 0.0289 0.0329 0.7316 
0 0 0.0335 0.0298 0.0136 0.0097 0.0085 0.0062 0.0059 0.0069 0.0067 0.0071 0.0078 0.0079 0.0075 0.0101 0.0073 0.0079 0.0052 0.0058 0.0034 0.0041 0.0036 0.0055 0.0090 0.0244 0.0257 0.7371 
0 0 0.0352 0.0291 0.0132 0.0086 0.0065 0.0059 0.0055 0.0058 0.0059 0.0065 0.0071 0.0081 0.0088 0.0099 0.0081 0.0076 0.0059 0.0063 0.0045 0.0045 0.0043 0.0059 0.0099 0.0280 0.0307 0.7282 
0 0 0.0378 0.0323 0.0132 0.0085 0.0068 0.0062 0.0053 0.0054 0.0051 0.0059 0.0061 0.0067 0.0068 0.0083 0.0057 0.0066 0.0044 0.0064 0.0037 0.0050 0.0051 0.0065 0.0101 0.0278 0.0313 0.7329 
0 0 0.0348 0.0295 0.0127 0.0082 0.0065 0.0056 0.0053 0.0054 0.0055 0.0060 0.0068 0.0073 0.0081 0.0092 0.0073 0.0070 0.0055 0.0054 0.0049 0.0048 0.0049 0.0063 0.0103 0.0291 0.0329 0.7307 
0 0 0.0338 0.0304 0.0132 0.0077 0.0060 0.0055 0.0056 0.0064 0.0064 0.0071 0.0080 0.0100 0.0109 0.0120 0.0082 0.0078 0.0057 0.0064 0.0040 0.0048 0.0043 0.0055 0.0094 0.0255 0.0308 0.7245 
0 0 0.0310 0.0280 0.0120 0.0090 0.0084 0.0074 0.0071 0.0080 0.0093 0.0103 0.0113 0.0109 0.0115 0.0132 0.0106 0.0104 0.0079 0.0082 0.0056 0.0055 0.0049 0.0056 0.0084 0.0225 0.0235 0.7096 
0 1 0.0363 0.0314 0.0143 0.0089 0.0061 0.0051 0.0044 0.0044 0.0049 0.0052 0.0056 0.0062 0.0064 0.0078 0.0055 0.0057 0.0042 0.0048 0.0041 0.0046 0.0049 0.0077 0.0132 0.0296 0.0319 0.7367 
0 1 0.0436 0.0338 0.0153 0.0103 0.0074 0.0054 0.0044 0.0040 0.0040 0.0041 0.0047 0.0049 0.0046 0.0067 0.0041 0.0048 0.0036 0.0046 0.0035 0.0046 0.0054 0.0085 0.0136 0.0292 0.0362 0.7287 
0 0 0.0375 0.0267 0.0189 0.0130 0.0109 0.0095 0.0087 0.0084 0.0097 0.0104 0.0111 0.0120 0.0126 0.0148 0.0105 0.0114 0.0071 0.0081 0.0061 0.0073 0.0067 0.0096 0.0139 0.0224 0.0297 0.6628 
